ec:c8:82:7a:3f:df, 5240, sMobileNet, -53, -53, -53, -53, -53, -53, -53, -53, -53, -53, -53, -53, -53, -53, -53, -53, -53, -53, -53, -53, -53, -53, -53, -53, -53, -53, -53, -53, -53, -53, -53, -53, -53, -53, -53, -53, -53, -53, -53, -53, -53, -53, -53, -53, -53, -53, -53, -53, -53, -53, -53, -53, -53, -53, -53, -53, -53, -53, -53, -53, -53, -53, -53, -53, -53, -53, -53, -53, -53, -53, -53, -53, -53, -53, -53, -53, -53, -75, -73, -73, -73, -73, -73, -73, -73, -73, -73, -73, -73, -73, -73, -73, -73, -73, -73, -73, -73, -73, -73, -73, -73, -73, -73, -73, -73, -73, -73, -73, -73, -73, -73, -73, -73, -73, -73, -73, -73, -73, -73, -73, -73, -73, -73, -73, -73, -73, -73, -73, -73, -73, -73, -73, -73, -73, -73, -73, -73, -73, -73, -73, -73, -73, -73, -73, -73, -73, -73, -73, -73, -73, -73, -73, -73, -73, -73, -73, -73, -73, -73, -73, -73, -73, -73, -73, -73, -73, -73, -73, -73, -73, -73, -73, -73, -73, -73, -73, -73, -73, -73, -73, -73, -73, -73, -73, -73, -73, -73, -73, -73, -73, -73, -73, -73, -73, -73, -73, -73, -73, -73, -73, 
ec:c8:82:7a:3f:db, 5240, eduroam, -74, -74, -74, -72, -68, -68, -74, -74, -73, -73, -73, -73, -73, -73, -72, -72, -72, -73, -74, -74, -74, -73, -73, -73, -73, -73, -70, -72, -70, -70, -70, -72, -71, -70, -69, -69, -69, -69, -69, -70, -70, -70, -70, -70, -70, -70, -70, -71, -71, -71, -71, -70, -71, -71, -72, -72, -72, -72, -72, -73, -73, -73, -73, -73, -73, -73, -71, -71, -71, -71, -75, -75, -75, -75, -75, -75, -75, -70, -70, -70, -70, -71, -71, -70, -70, -70, -70, -70, -70, -70, -70, -72, -72, -72, -72, -72, -71, -71, -71, -72, -72, -72, -72, -72, -72, -72, -72, -70, -70, -70, -70, -70, -70, -70, -70, -70, -75, -72, -71, -71, -71, -71, -71, -71, -71, -72, -72, -72, -71, -71, -71, -71, -71, -71, -71, -71, -71, -71, -70, -69, -69, -68, -68, -72, -72, -73, -73, -73, -73, -73, -73, -75, -75, -72, -71, -71, -71, -71, -72, -72, -72, -72, -72, -72, -71, -71, -71, -71, -70, -70, -68, -68, -68, -72, -72, -72, -72, -72, -72, -73, -73, 
ec:c8:82:7a:3f:dd, 5240, Universities WiFi, -76, -76, -76, -71, -67, -67, -67, -67, -72, -72, -72, -74, -74, -74, -74, -74, -72, -70, -70, -70, -73, -73, -73, -73, -73, -73, -70, -68, -69, -69, -73, -70, -69, -69, -69, -69, -69, -69, -75, -75, -75, -75, -75, -69, -69, -69, -69, -69, -73, -70, -70, -70, -70, -70, -70, -72, -72, -72, -74, -74, -74, -74, -74, -74, -74, -73, -73, -72, -72, -69, -69, -69, -69, -69, -73, -70, -70, -70, -70, -70, -71, -71, -68, -68, -68, -68, -68, -70, -70, -73, -71, -71, -71, -71, -70, -70, -73, -73, -73, -73, -73, -70, -70, -72, -72, -72, -71, -70, -70, -70, -70, -70, -72, -72, -72, -72, -72, -75, -72, -71, -71, -71, -71, -71, -71, -71, -72, -72, -72, -70, -69, -70, -70, -70, -70, -70, -70, -70, -70, -70, -70, -70, -70, -70, -72, -72, -73, -73, -73, -72, -72, -72, -72, -72, -73, -72, -72, -72, -71, -70, -70, -70, -70, -70, -71, -71, -71, -71, -70, -70, -67, -67, -67, -71, -71, -71, -71, -73, -73, -73, -73, 
ec:c8:82:7a:3f:da, 5240, Alumni, -55, -76, -76, -76, -73, -73, -73, -73, -73, -70, -70, -70, -70, -70, -72, -72, -72, -72, -75, -75, -75, -75, -75, -77, -75, -75, -71, -71, -71, -71, -71, -77, -77, -75, -75, -75, -75, -75, -71, -71, -71, -71, -71, -71, -69, -69, -69, -70, -70, -70, -70, -70, -72, -72, -72, -71, -71, -71, -72, -70, -70, -70, -70, -74, -74, -74, -74, -74, -76, -76, -76, -73, -74, -74, -74, -74, -75, -73, -72, -70, -70, -70, -72, -72, -72, -72, -72, -72, -72, -72, -72, -72, -71, -71, -71, -71, -73, -73, -73, -73, -73, -73, -73, -72, -69, -69, -72, -72, -72, -75, -75, -75, -72, -72, -72, -72, -72, -72, -72, -72, -72, -75, -75, -75, -72, -71, -71, -71, -71, -71, -75, -73, -73, -73, -73, -73, -70, -70, -70, -70, -70, -74, -74, -74, -74, -74, -74, -74, -74, -70, -70, -70, -70, -70, -70, -70, -73, -73, -73, -73, -72, -72, -70, -70, -70, -70, -70, -71, -71, -71, -71, -71, -71, -71, -69, -69, -69, -69, -69, -69, -69, -69, -69, -74, -74, -73, 
ec:c8:82:7a:df:6a, 5180, Alumni, -62, -72, -76, -76, -76, -76, -76, -76, -76, -76, -76, -76, -77, -77, -77, -77, -77, -77, -77, -75, -75, -75, -75, -75, -73, -73, -73, -73, -73, -72, -72, -73, -73, -73, -74, -74, -74, -74, -71, -71, -71, -71, -71, -73, -73, -73, -73, -71, -72, -72, -72, -70, -70, -70, -70, -70, -70, -70, -76, -76, -76, -76, -76, -76, -76, -76, -76, -76, -76, -76, -77, -77, -77, -77, -77, -73, -73, -73, -73, -73, -73, 
ec:c8:82:7a:df:6f, 5180, sMobileNet, -63, -70, -70, -70, -70, -70, -76, -76, -76, -76, -76, -76, -76, -76, -76, -76, -73, -73, -75, -75, -75, -75, -75, -75, -75, -75, -75, -75, -75, -75, -75, -76, -76, -76, -76, -76, -75, -75, -75, -75, -75, -71, -71, -71, -71, -71, -71, -71, -71, -71, -71, -71, -71, -71, -72, -70, -70, -68, -68, -68, -68, -68, -75, -75, -75, -75, -76, -76, -76, -76, -76, -77, -77, -75, -75, -75, -75, -75, -75, -75, -75, -75, -75, -75, -75, -75, -75, -75, -72, -72, -72, -72, -72, -72, -75, -75, -75, -75, -75, -75, -75, 
00:25:84:22:ef:4f, 5180, sMobileNet, -64, 
34:bd:c8:db:54:05, 2437, Alumni, -66, -82, -82, -82, -82, -82, -82, -82, -82, -81, -81, -81, -81, -81, -79, -79, -79, -79, -79, -79, -79, -79, -79, -78, -78, -78, -78, -78, -80, -80, -80, -80, -80, -80, -80, -78, -78, -78, -78, -78, -78, -78, 
00:25:45:a5:1f:3f, 5200, sMobileNet, -73, 
ec:c8:82:7a:df:62, 2412, Universities WiFi, -69, -66, -66, -66, -66, -66, -69, -69, -69, -69, -69, -68, -68, -68, -68, -76, -76, -76, -76, -76, -67, -67, -67, -67, -67, -70, -70, -70, -70, -70, -71, -71, -71, -71, -71, -69, -69, -69, -69, -69, -69, -72, -72, -71, -71, -71, -72, -72, -72, -72, -71, -71, -71, -71, -71, -71, -71, -68, -68, -68, -68, -69, -69, -69, -69, -69, -75, -75, -75, -75, -75, -75, -75, -74, -74, -74, -74, -74, -75, -75, -71, -71, -71, -71, -71, -71, -71, -71, -71, -69, -72, -71, -71, -71, -71, -71, -72, -72, -72, -72, -72, -72, -72, -72, -72, -72, -72, -72, -72, -72, -72, -72, -72, -72, -72, -72, -72, -70, -70, -70, -70, -73, -73, -73, -73, -73, -73, -74, -74, -74, -74, -74, -74, -74, -74, -72, -72, -72, -72, -72, -72, -74, 
00:25:84:23:1e:2e, 5240, Universities WiFi, -75, 
ec:c8:82:7a:df:64, 2412, eduroam, -71, -73, -73, -73, -69, -69, -69, -69, -69, -72, -70, -70, -70, -70, -70, -81, -78, -78, -78, -78, -68, -68, -68, -68, -68, -67, -67, -67, -67, -67, -71, -71, -71, -71, -71, -71, -71, -72, -72, -72, -72, -72, -71, -71, -71, -74, -74, -70, -70, -70, -70, -70, -70, -70, -72, -72, -72, -72, -72, -69, -69, -69, -69, -71, -71, -71, -71, -71, -71, -71, -71, -76, -76, -76, -76, -76, -76, -74, -74, -74, -74, -74, -76, -73, -73, -73, -73, -72, -72, -72, -75, -75, -75, -75, -75, -72, -72, -72, -72, -72, -72, -72, -72, -72, -72, -72, -74, -73, -73, -73, -73, -73, -73, -73, -73, -73, -73, -74, -74, -74, -73, -73, -73, -73, -73, -73, -76, -76, -73, -73, -73, -73, 
ec:c8:82:7a:de:62, 2437, Universities WiFi, -72, -80, -80, -80, -80, -80, -78, -78, -78, -78, -78, -73, -73, -73, -73, -73, -75, -75, -75, -75, -75, -74, -74, -74, -74, -78, -78, -78, -78, -78, -78, -78, -76, -76, -76, -76, -76, -78, -78, -78, -78, -75, -75, -75, -75, -77, -77, -77, -77, -77, -82, -82, -80, -80, -80, -80, -80, -77, -77, -77, -77, -77, -80, -80, -80, -80, -80, -77, -77, -77, -77, -80, -80, -80, -80, -80, -80, -80, -82, -82, -82, -82, -82, -82, -82, -78, -78, -78, -78, -78, -78, -78, -78, -81, -81, -78, -78, -78, -78, -78, -81, -81, -81, -81, -81, -81, -78, -78, -78, -80, -80, -80, -80, -80, 
ec:c8:82:7a:e1:6b, 5805, eduroam, -77, -79, -79, -79, -79, 
ec:c8:82:7a:df:60, 2412, sMobileNet, -73, -71, -71, -71, -71, -69, -69, -69, -69, -69, -67, -67, -68, -68, -68, -68, -68, -77, -77, -69, -69, -69, -69, -69, -67, -67, -68, -68, -68, -68, -68, -70, -70, -70, -70, -70, -70, -70, -70, -70, -70, -70, -71, -71, -71, -71, -71, -71, -71, -71, -71, -74, -74, -72, -72, -72, -72, -72, -72, -72, -72, -72, -70, -70, -70, -70, -70, -73, -73, -70, -72, -72, -72, -69, -69, -69, -69, -69, -75, -75, -75, -75, -75, -74, -76, -76, -76, -76, -76, -71, -71, -71, -71, -71, -76, -75, -75, -75, -75, -75, -71, -71, -71, -70, -70, -70, -70, -72, -72, -72, -72, -75, -75, -75, -75, -75, -75, -74, -72, -72, -72, -72, -72, -72, -71, -71, -71, -71, -71, -71, -71, -71, -71, -71, -71, -71, -71, -71, -74, -71, -71, -71, -71, -71, -71, -71, -71, -71, -71, -72, -72, -72, -72, -72, -71, -72, -72, -72, 
ec:c8:82:7a:de:64, 2437, eduroam, -73, -78, -78, -78, -78, -78, -78, -78, -75, -75, -75, -75, -75, -78, -78, -80, -80, -79, -79, -79, -79, -79, -78, -78, -78, -78, -78, -79, -79, -79, -79, -82, -82, -82, -82, -82, -82, -82, -82, -82, -78, -77, -77, -77, -76, -76, -76, -76, -76, -80, -80, -80, -80, -81, -81, -82, -82, -82, -81, -81, -81, -81, -81, -78, -78, -78, -78, -78, -78, -84, -84, -84, -84, -84, -84, -84, -77, -77, -77, -77, -77, -77, -77, -77, -77, -80, -80, -80, -80, -80, -80, -78, -78, -77, -77, -77, -77, -77, -77, -82, -82, -82, -82, -82, -82, -78, -77, -77, -78, -78, -78, -78, -78, 
ec:c8:82:7a:e1:60, 2412, sMobileNet, -73, -81, -81, -81, -81, -81, -84, -84, -84, -84, -84, -84, -84, -84, -83, -83, -83, -83, -83, -83, 
ec:c8:82:7a:e1:6a, 5805, Alumni, -78, -82, -82, -82, -82, -82, -81, -81, -81, -81, -81, -79, -79, -79, -79, 
00:25:84:23:1c:de, 5765, Universities WiFi, -79, 
34:bd:c8:db:54:0f, 5805, sMobileNet, -79, 
28:93:fe:f4:ad:0b, 5825, sMobileNet, -80, 
28:93:fe:f4:ad:0a, 5825, Alumni, -80, 
28:93:fe:f4:ad:0c, 5825, eduroam, -80, -82, -82, -82, -82, -82, 
28:93:fe:f4:ad:0d, 5825, Universities WiFi, -80, -85, -85, -85, -85, -85, -81, -81, -81, -81, 
00:23:eb:3a:0c:35, 2437, Alumni, -76, -81, -81, -81, -81, -81, -78, -78, -78, -77, -77, -77, -77, -78, -78, -78, -78, -78, -76, -76, -76, -76, -79, -79, -79, -79, -79, -79, -79, -79, -79, -76, -77, -77, -77, -77, -77, -81, -81, -81, -81, -81, -81, -81, -80, -80, -80, -81, -80, -80, -80, -80, -80, -84, -84, -84, -84, -84, -79, -79, -79, -79, -79, -79, -79, -79, -79, -76, -76, -77, -79, -79, -78, -78, -78, -78, -78, -78, -77, -77, -77, -77, -77, -77, -77, -76, -78, -78, -78, -78, -78, -78, -78, 
00:25:84:23:1c:d1, 2462, Universities WiFi, -76, 
00:25:84:23:1c:dd, 5765, eduroam, -81, 
00:25:84:23:1c:dc, 5765, Alumni, -81, 
00:25:84:23:1c:df, 5765, sMobileNet, -81, 
00:23:eb:3a:0c:30, 2437, sMobileNet, -77, -84, -84, -84, -84, -84, -77, -77, -77, -78, -78, -78, -78, -78, -78, -77, -77, -77, -77, -79, -79, -79, -79, -80, -80, -80, -80, -80, -77, -79, -79, -79, -79, -79, -81, -81, -81, -81, -81, -80, -80, -80, -80, -80, -82, -82, -82, -82, -82, -77, -77, -78, -79, -79, -79, -79, -79, -79, -79, -79, -78, -78, -78, -78, -78, -78, -78, -80, -80, -80, -78, -78, -78, -78, -78, -78, -78, -78, -78, 
00:25:84:23:1c:63, 2437, Alumni, -77, 
00:23:eb:3a:16:a3, 2412, Universities WiFi, -78, 
00:23:eb:3a:0c:34, 2437, eduroam, -78, -83, -83, -83, -83, -83, -80, -79, -79, -79, -79, -79, -75, -75, -75, -75, -81, -81, -81, -81, -81, -81, -81, -81, -75, -76, -76, -76, -76, -76, -78, -81, -81, -81, -81, -81, -81, -81, -79, -79, -79, -79, -79, -79, -84, -84, -84, -84, -84, -78, -78, -78, -78, -78, -78, -79, -79, -78, -79, -79, -79, -79, -79, -77, -77, -77, -77, -77, -77, -77, 
00:25:45:a5:1f:31, 2462, Universities WiFi, -78, 
00:25:84:23:1c:d2, 2462, eduroam, -79, 
00:25:84:22:ef:41, 2462, Universities WiFi, -83, 
00:19:be:00:05:b0, 2437, MtrecA8, -92, -91, -91, -91, -91, -91, -93, -93, -93, -93, -93, -90, -90, -90, -90, -90, -91, -91, -91, -91, -91, 
c8:be:19:8c:ff:fe, 2432, toutou1, -92, -78, -78, -79, -79, -80, -80, -84, -84, -84, -84, -84, -84, -84, -84, -84, -86, -79, -79, -79, -79, -84, -85, -86, -82, -82, -82, -82, -82, -82, -82, -82, -81, -81, -81, -78, -81, -81, -81, -81, -82, -82, -82, -77, -81, -83, -83, -83, -83, -83, -83, -84, -82, -82, -86, -86, -85, -87, -83, -83, -82, -77, -77, -77, -85, -85, -85, -86, -86, -86, -86, -86, -86, -86, -86, -86, -82, -82, -82, -82, -85, -85, -85, -85, -85, -85, -85, -85, -83, -83, -84, -84, -82, -82, -82, -84, -84, -83, -83, -83, -83, -79, -84, -85, -84, -84, -84, -84, -84, -79, -83, -83, -83, -86, -86, -86, -79, -84, -78, -82, -82, -82, -82, -82, -86, -86, -85, -84, -84, -84, -84, -84, -84, -80, -82, -79, -79, -84, -84, -84, -84, -84, -83, -83, -83, -85, -84, -84, -81, -81, -81, -83, -84, -84, -79, -83, -83, -83, -83, -83, -83, -83, -83, -83, -82, -80, -80, -80, -80, -80, -80, -80, -80, -81, -82, -80, -77, -78, -82, -82, -82, -79, -82, -83, -83, -85, -85, -81, -82, -82, -80, -81, 
90:72:40:16:f6:36, 2462, PAO, -90, -86, -81, -81, -82, -84, -80, -82, -80, -79, -72, -84, -81, -79, -79, -79, -79, -77, -78, -78, -77, -77, -77, -77, -84, -86, -86, -86, -80, -78, -86, -86, -91, -83, -80, -78, -83, -79, -78, -78, -77, -77, -77, -77, -78, -79, -79, -79, -79, -77, -77, -71, -76, -76, -76, -76, -77, -77, -77, -78, -80, -78, -78, -78, -79, -78, -78, -86, -83, -79, -78, -78, -81, -82, -81, -79, -79, -79, -78, -78, -78, -78, -80, -81, -79, -81, -81, -80, -79, -81, -79, -80, -80, -81, -78, -79, -83, -79, -85, -81, -77, -77, -78, -82, -79, -79, -81, -81, -79, -79, -80, -78, -80, -80, -80, -80, -83, -81, -80, -78, -79, -79, -77, -77, -79, -83, -84, -88, -80, -82, -84, -83, -77, -77, -80, -79, -79, -79, -79, -79, -78, -80, -76, -84, -78, -79, -80, -80, -78, -79, -78, -77, -77, -78, -78, -79, -78, -78, -79, -79, -76, -82, -78, -78, -78, -79, -77, -78, -78, -78, -77, -77, -77, -83, -84, -79, -79, -78, -78, -78, -79, -79, -84, -81, -81, -80, -80, -79, -79, -78, -79, -78, -78, -78, -78, -81, -78, -77, -78, -78, 
ec:c8:82:7a:3f:dc, 5240, Y5ZONE, -74, -70, -74, -71, -67, -70, -71, -71, -71, -72, -70, -74, -73, -72, -72, -71, -71, -71, -72, -74, -74, -74, -74, -72, -71, -75, -75, -72, -71, -70, -68, -69, -69, -74, -70, -70, -70, -72, -75, -75, -74, -74, -74, -74, -74, -71, -70, -70, -70, -70, -69, -69, -69, -69, -70, -70, -70, -71, -71, -71, -73, -71, -70, -70, -73, -72, -70, -73, -73, -74, -74, -74, -74, -74, -74, -76, -73, -74, -70, -71, -73, -73, -73, -73, -70, -73, -73, -72, -71, -71, -71, -72, -72, -73, -69, -73, -71, -71, -72, -70, -70, -70, -74, -73, -71, -73, -72, -71, -72, -73, -72, -72, -72, -68, -69, -72, -72, -74, -74, -70, -70, -70, -71, -71, -71, -72, -72, -71, -71, -70, -74, -75, -72, -71, -70, -70, -72, -72, -72, -74, -72, -71, -70, -73, -71, -70, -70, -70, -71, -71, -72, -72, -71, -70, -70, -70, -70, -70, -70, -69, -73, -73, -73, -75, -74, -72, -72, -71, -72, -74, -73, -73, -72, -71, -71, -71, -71, -70, -71, -74, -74, -72, -72, -72, -72, -72, -72, -71, -68, -67, -70, -72, -72, -70, -75, -75, -73, -73, -74, -73, 
ec:c8:82:7a:3f:de, 5240, PCCW, -76, -72, -75, -72, -68, -72, -75, -73, -73, -73, -71, -74, -74, -72, -72, -72, -72, -71, -72, -74, -75, -75, -73, -73, -72, -74, -75, -71, -70, -72, -70, -69, -69, -73, -72, -70, -70, -72, -76, -76, -74, -74, -74, -74, -74, -74, -71, -71, -71, -71, -69, -69, -69, -69, -70, -70, -71, -72, -71, -71, -73, -71, -71, -71, -72, -72, -71, -73, -73, -73, -74, -74, -74, -74, -74, -76, -73, -74, -70, -73, -75, -75, -74, -73, -71, -76, -74, -73, -71, -71, -71, -74, -71, -72, -69, -73, -72, -72, -74, -71, -71, -71, -74, -72, -70, -72, -72, -72, -72, -73, -73, -73, -73, -69, -70, -72, -72, -74, -75, -71, -71, -72, -72, -72, -72, -72, -72, -72, -72, -72, -74, -75, -73, -72, -72, -72, -73, -73, -73, -74, -72, -72, -71, -74, -73, -71, -72, -70, -71, -72, -73, -73, -72, -71, -71, -71, -71, -71, -70, -70, -74, -74, -74, -76, -75, -74, -72, -72, -73, -75, -73, -73, -73, -70, -70, -70, -71, -71, -73, -74, -74, -73, -73, -72, -72, -72, -73, -72, -70, -68, -71, -74, -74, -71, -71, -75, -74, -74, -75, -73, 
ec:c8:82:7a:3f:d1, 2462, PCCW, -72, -68, -70, -68, -68, -69, -69, -70, -70, -67, -65, -66, -63, -63, -64, -64, -61, -61, -61, -61, -61, -62, -62, -62, -66, -65, -65, -66, -64, -63, -64, -64, -64, -62, -61, -63, -65, -63, -64, -64, -62, -62, -61, -61, -61, -64, -61, -63, -63, -63, -63, -63, -63, -63, -63, -65, -64, -63, -60, -62, -63, -62, -64, -65, -62, -62, -62, -66, -63, -62, -62, -62, -61, -61, -63, -63, -68, -68, -65, -63, -63, -68, -64, -63, -63, -63, -63, -63, -63, -63, -63, -63, -63, -63, -63, -64, -66, -65, -68, -67, -67, -64, -65, -65, -67, -67, -67, -66, -65, -65, -64, -67, -65, -66, -67, -67, -68, -68, -68, -69, -66, -66, -70, -67, -69, -69, -69, -68, -68, -68, -67, -71, -69, -68, -69, -68, -67, -67, -70, -69, -66, -66, -67, -70, -69, -66, -68, -70, -70, -70, -71, -70, -70, -68, -68, -67, -69, -69, -70, -70, -68, -68, -70, -70, -69, -69, -70, -70, -70, -70, -69, -69, -69, -69, -69, -69, -69, -69, -69, -69, -69, -69, -68, -71, -71, -69, -69, -69, -69, -69, -70, -69, -69, -69, -69, -69, -69, -69, -69, -69, 
ec:c8:82:7a:df:6c, 5180, Y5ZONE, -63, -73, -73, -73, -73, -73, -77, -77, -71, -75, -74, -74, -75, -75, -75, -75, -74, -74, -74, -74, -74, -74, -76, -76, -76, -76, -76, -75, -75, -75, -75, -75, -74, -74, -74, -74, -74, -74, -74, -73, -74, -74, -74, -74, -74, -74, -74, -73, -73, -73, -73, -74, -73, -73, -73, -72, -76, -74, -74, -74, -76, -72, -72, -74, -72, -71, -71, -71, -71, -75, -75, -72, -72, -72, -72, -72, -73, -72, -72, -70, -69, -70, -71, -70, -70, -69, -69, -70, -70, -70, -70, -70, -75, -75, -75, -75, -75, -76, -76, -76, -76, -76, -76, -75, -75, -75, -75, -78, -78, -78, -78, -78, -76, -76, -76, -78, -78, -75, -75, -75, -75, -75, -75, -75, -75, -75, -75, -75, -75, -75, -77, -77, -77, -77, -77, -74, -74, -75, -75, -75, -75, -75, -75, -75, -73, -74, -74, -74, -74, -74, -77, -77, -75, -75, -75, -75, -75, -75, -75, 
ec:c8:82:7a:3f:d3, 2462, Y5ZONE, -70, -68, -68, -68, -69, -68, -72, -69, -72, -68, -65, -66, -62, -62, -62, -63, -60, -60, -61, -61, -61, -63, -63, -65, -67, -66, -65, -66, -63, -62, -66, -67, -67, -63, -59, -62, -64, -63, -63, -64, -62, -62, -62, -62, -61, -64, -61, -65, -63, -65, -63, -64, -63, -64, -64, -66, -64, -63, -62, -62, -62, -61, -64, -64, -61, -62, -62, -65, -63, -61, -62, -62, -61, -61, -62, -61, -70, -70, -66, -64, -65, -69, -63, -63, -63, -64, -65, -65, -64, -64, -64, -64, -64, -63, -62, -64, -65, -66, -69, -66, -66, -65, -67, -65, -66, -66, -66, -66, -64, -67, -65, -69, -69, -69, -70, -71, -73, -71, -71, -68, -65, -65, -69, -67, -70, -70, -73, -67, -66, -68, -68, -71, -68, -67, -71, -69, -67, -67, -71, -71, -67, -67, -67, -70, -68, -66, -68, -70, -70, -70, -71, -71, -71, -67, -67, -67, -68, -68, -70, -70, -69, -69, -71, -71, -70, -70, -71, -70, -70, -70, -70, -71, -68, -68, -68, -68, -70, -69, -69, -68, -68, -68, -68, -70, -70, -70, -68, -69, -69, -69, -69, -69, -71, -71, -70, -70, -69, -69, -69, -69, 
34:bd:c8:db:54:0c, 5805, Y5ZONE, -76, -80, -80, -80, -80, -80, 
ec:c8:82:7a:e1:6c, 5805, Y5ZONE, -76, -80, -80, -80, -80, -80, -78, -78, -78, -78, 
34:bd:c8:db:54:0e, 5805, PCCW, -79, 
28:93:fe:f4:ad:0e, 5825, PCCW, -79, 
34:bd:c8:db:54:03, 2437, Y5ZONE, -75, -82, -82, -82, -82, -82, -82, -84, -79, -79, -81, -80, -80, -80, -80, -80, -83, -81, -78, -79, -79, -79, -79, -82, -81, -82, -82, -82, -82, -82, -82, -82, -82, -82, -82, -80, -80, -80, -80, -82, -82, -82, -82, -82, -81, -82, -82, -82, -82, -78, -78, -79, -79, -79, -79, -81, -81, -81, -81, -81, -81, -81, -81, -81, -82, -82, -82, -82, -82, -83, -83, -83, -83, -83, -78, -78, -78, -78, -80, -80, -80, -78, -78, -80, -82, -82, -78, -78, -80, -80, -80, -80, -80, -79, -79, -80, -80, -80, -80, -80, -80, -80, -80, -79, -79, -79, -79, -79, -79, -78, -78, -78, -78, -78, -78, -78, -78, -82, -82, -82, -82, -82, -82, -82, -82, -77, -77, -77, -77, -77, -77, -77, -77, -80, -80, 
28:93:fe:f4:ad:0f, 5825, Y5ZONE, -80, -83, -83, -83, -83, -83, 
ec:c8:82:7a:dc:53, 2462, Y5ZONE, -78, -82, -82, -82, -78, -78, -78, -78, -82, -81, -80, -80, -80, -79, -79, -81, -81, -81, -81, -81, -81, -81, -79, -79, -79, -79, -79, -82, -82, -82, -82, -81, -81, -81, -81, -81, -81, -82, -82, -82, -81, -81, -82, -82, -82, -78, -80, -80, -80, -80, -80, -80, -80, -79, -79, -80, -79, -77, -77, -77, -77, -77, -77, -78, -78, -78, -78, -78, -78, -79, -79, -79, -79, -79, -81, -81, -81, -81, -81, -82, -81, -81, -81, -81, -81, -83, -83, -83, -83, -83, -81, -81, -80, -79, -79, -80, -81, -81, -81, -81, -81, -81, -81, -81, -81, -81, -81, -81, -82, -81, -81, -81, -81, -81, -81, -82, -82, -82, -82, -82, -82, -81, -81, -81, -79, -79, -79, -79, -79, -79, -82, -82, -82, -83, -82, -82, -82, -82, -82, -82, -82, -82, -82, -82, -82, -81, -81, -81, 
ec:c8:82:7a:df:63, 2412, Y5ZONE, -76, -68, -67, -68, -67, -67, -70, -70, -69, -69, -69, -75, -70, -68, -68, -67, -68, -68, -69, -69, -71, -68, -68, -68, -76, -75, -78, -77, -69, -67, -72, -72, -73, -68, -66, -66, -70, -68, -67, -67, -67, -69, -70, -72, -72, -72, -71, -71, -74, -74, -72, -72, -73, -72, -69, -70, -71, -70, -70, -70, -71, -70, -71, -71, -67, -71, -76, -75, -74, -70, -70, -74, -73, -71, -71, -73, -73, -70, -70, -69, -70, -72, -73, -74, -72, -71, -68, -70, -70, -72, -69, -70, -70, -69, -70, -75, -75, -75, -75, -76, -73, -77, -77, -76, -78, -76, -76, -77, -77, -76, -76, -74, -74, -77, -77, -74, -74, -74, -77, -74, -74, -74, -75, -75, -72, -72, -72, -72, -72, -74, -74, -74, -73, -74, -72, -73, -76, -71, -68, -71, -70, -70, -70, -70, -71, -74, -74, -73, -73, -74, -72, -70, -70, -71, -71, -71, -71, -71, -71, -71, -71, -70, -70, -70, -70, -71, -71, -71, -70, -74, -73, -73, -72, -72, -71, -70, -71, -71, -71, -74, -73, -73, -72, -72, -72, -72, -76, -76, -75, -74, -71, -70, -71, -71, -75, -75, -71, -72, -72, -73, 
34:bd:c8:db:54:01, 2437, PCCW, -81, -81, -81, -81, -81, -81, -81, -81, -81, -81, -81, -82, -82, -82, -82, -82, -83, -81, -78, -78, -80, -78, -78, -78, -78, -78, -80, -78, -78, -78, -78, -78, -81, -81, -81, -81, -81, -80, -80, -81, -80, -80, -80, -80, -78, -78, -78, -78, -80, -80, -80, -80, -80, -80, -80, -80, -80, -80, -79, -79, -80, -80, -80, -80, -81, -81, -81, -81, -81, -80, -80, -80, -80, -80, -82, -80, -80, -80, -80, -80, -82, -82, -82, -82, -82, -79, -79, -79, -79, -79, -79, -80, -78, -78, -78, -78, -78, -78, -78, -78, -78, -78, -78, -78, -82, -82, -81, -81, -81, -79, -79, -79, -79, -79, -79, -79, -79, -78, -78, -78, -81, -81, -77, -77, -77, -80, -80, -80, -80, -80, -80, -80, -80, -78, -78, -77, -77, -77, -77, -77, -77, -77, -77, 
06:24:36:a6:29:51, 2412, airport Guest Network, -76, -74, -71, -67, -69, -71, -69, -69, -71, -69, -75, -72, -68, -67, -67, -73, -73, -69, -68, -68, -72, -68, -70, -72, -76, -74, -71, -74, -70, -70, -78, -71, -71, -71, -67, -71, -75, -68, -65, -66, -67, -69, -67, -69, -69, -67, -66, -72, -65, -68, -69, -69, -65, -64, -68, -65, -65, -64, -70, -72, -66, -69, -69, -67, -70, -67, -67, -66, -66, -70, -70, -67, -66, -65, -73, -66, -66, -64, -66, -66, -68, -72, -74, -75, -72, -66, -71, -70, -70, -67, -67, -72, -69, -72, -68, -71, -71, -71, -71, -72, -74, -72, -71, -72, -72, -72, -72, -71, -71, -71, -71, -71, -69, -71, -75, -71, -70, -69, -73, -70, -72, -72, -68, -68, -68, -72, -73, -67, -67, -69, -71, -72, -68, -70, -69, -71, -69, -68, -68, -67, -73, -74, -73, -73, -69, -73, -74, -72, -72, -70, -70, -70, -70, -70, -70, -73, -73, -73, -71, -71, -71, -71, -72, -72, -71, -70, -70, -71, -71, -71, -69, -69, -70, -70, -70, -71, -71, -69, -71, -71, -71, -71, -71, -70, -70, -70, -71, -71, -71, -69, -70, -69, -71, -71, -68, -68, -69, -71, -69, -69, 
02:24:74:59:a4:a8, 2457, HP795E95, -72, -70, -69, -74, -74, -71, -70, -70, -74, -70, -72, -70, -70, -68, -69, -70, -70, -69, -69, -69, -68, -68, -64, -64, -65, -69, -71, -71, -71, -71, -71, -74, -73, -72, -73, -72, -84, -71, -69, -69, -68, -68, -69, -69, -64, -68, -68, -71, -71, -68, -70, -70, -70, -70, -69, -69, -69, -69, -69, -70, -71, -70, -69, -69, -71, -63, -70, -71, -71, -72, -71, -72, -74, -74, -74, -71, -71, -71, -71, -71, -71, -74, -71, -73, -71, -71, -74, -74, -72, -74, -74, -72, -71, -73, -70, -68, -68, -68, -70, -69, -67, -69, -69, -68, -68, -69, -70, -68, -68, -66, -69, -70, -67, -67, -67, -67, -67, -67, -67, -67, -67, -69, -67, -65, -68, -66, -66, -66, -67, -68, -68, -68, -66, -67, -66, -66, -68, -64, -64, -64, -68, -67, -67, -65, -65, -65, -67, -64, -65, -65, -65, -65, -65, -65, -68, -68, -68, -67, -67, -68, -68, -68, -68, -67, -67, -67, -67, -67, -67, -66, -65, -65, -65, -65, -66, -66, -66, -66, -65, -66, -66, -66, -66, -66, -65, -65, -66, -65, -65, -65, -65, -65, -65, -66, -65, -64, -64, -64, -64, -64, 
00:19:be:00:05:50, 2437, , -89, -80, -80, -80, -80, -80, -82, -82, -82, -82, -82, -89, -89, -89, -89, -89, -83, -83, -83, -85, -85, -85, -85, -85, -87, -87, -87, -87, -87, -85, -85, -85, -85, -85, -89, -89, -89, -89, -89, -86, -86, -91, -91, -91, -85, -85, -89, -89, -89, -89, -89, -85, -85, -85, -85, -85, -87, -87, -87, -87, -87, -88, -88, -88, -88, -88, -88, -88, -88, -88, -88, -88, -91, -91, -91, -91, -91, -91, -87, -87, -87, -87, -87, -87, -89, -89, -89, -89, -89, -89, -89, -89, -89, -89, -89, 
00:24:36:a6:29:51, 2412, airport Network, -76, -73, -72, -73, -70, -68, -69, -69, -69, -69, -75, -70, -67, -67, -71, -73, -69, -65, -68, -68, -67, -71, -71, -72, -77, -74, -71, -73, -73, -69, -77, -71, -70, -72, -72, -72, -72, -68, -68, -68, -68, -69, -68, -66, -69, -67, -69, -72, -68, -65, -69, -69, -68, -68, -69, -66, -68, -68, -68, -68, -68, -67, -69, -66, -70, -66, -66, -66, -66, -70, -70, -66, -66, -70, -72, -66, -70, -69, -70, -67, -71, -69, -71, -71, -71, -69, -68, -68, -67, -69, -73, -73, -69, -72, -71, -71, -71, -74, -74, -74, -73, -73, -71, -72, -70, -70, -71, -71, -70, -71, -70, -70, -69, -71, -71, -71, -72, -70, -73, -69, -69, -69, -68, -70, -68, -72, -68, -70, -67, -71, -73, -73, -69, -69, -69, -69, -68, -72, -72, -68, -68, -73, -73, -73, -72, -72, -70, -71, -71, -70, -71, -68, -68, -70, -70, -71, -73, -69, -70, -71, -71, -71, -72, -72, -69, -71, -71, -71, -71, -69, -71, -70, -70, -70, -70, -71, -71, -71, -71, -71, -71, -71, -71, -70, -70, -70, -70, -71, -68, -70, -70, -69, -69, -71, -71, -71, -71, -69, -69, -71, 
ec:c8:82:7a:3f:d2, 2462, Universities WiFi, -71, -68, -68, -68, -68, -68, -68, -68, -68, -67, -67, -67, -67, -65, -65, -65, -65, -65, -63, -63, -63, -63, -63, -63, -67, -67, -63, -63, -63, -63, -63, -63, -61, -61, -61, -61, -61, -61, -61, -61, -63, -63, -63, -63, -63, -63, -63, -63, -63, -62, -62, -62, -62, -62, -62, -62, -62, -63, -62, -62, -62, -61, -61, -61, -61, -70, -70, -64, -64, -64, -68, -64, -63, -63, -63, -63, -63, -63, -63, -63, -63, -63, -64, -66, -66, -66, -66, -67, -67, -67, -67, -67, -67, -67, -67, -67, -69, -69, -69, -69, -69, -70, -70, -70, -68, -68, -68, -68, -67, -67, -67, -68, -68, -68, -68, -68, -67, -67, -67, -67, -67, -71, -71, -71, -71, -71, -69, -67, -67, -67, -67, -67, -67, -71, -69, -69, -69, -69, -69, -69, -69, -69, -69, -72, -68, -68, -71, -71, -71, -73, -73, -71, -69, -69, -71, -71, -71, -71, -70, -70, -69, -69, -70, -70, -68, 
ec:c8:82:7a:df:65, 2412, Alumni, -73, -73, -73, -73, -68, -68, -68, -68, -68, -77, -77, -77, -77, -67, -67, -67, -67, -67, -68, -68, -68, -72, -72, -67, -67, -67, -67, -67, -67, -67, -67, -70, -70, -70, -70, -70, -70, -70, -70, -70, -70, -70, -74, -74, -74, -73, -73, -74, -74, -74, -74, -74, -74, -74, -75, -75, -75, -75, -75, -73, -73, -73, -73, -73, -75, -73, -73, -73, -73, -75, -75, -75, -75, -75, -72, -72, -75, -75, -75, -75, -75, -72, -72, -76, -76, -76, -76, -76, -72, -72, -72, -72, -73, -73, -73, -73, -72, -72, -72, -72, -72, -71, -71, -71, -71, -71, -71, -71, -71, -71, -71, -71, -71, -71, -71, -71, -71, -71, -71, -71, -71, -71, -71, -71, -72, -72, -72, -72, -72, -72, -72, -72, -72, -74, -74, -74, 
ec:c8:82:7a:3f:d4, 2462, eduroam, -75, -75, -75, -75, -75, -69, -66, -66, -64, -66, -66, -66, -66, -66, -64, -65, -65, -65, -65, -65, -66, -65, -65, -65, -65, -65, -67, -67, -62, -62, -62, -62, -62, -66, -66, -66, -66, -66, -66, -66, -66, -66, -66, -66, -66, -65, -65, -65, -65, -65, -65, -65, -65, -64, -65, -65, -65, -65, -66, -68, -68, -68, -68, -68, -69, -69, -69, -69, -69, -69, -66, -66, -66, -66, -68, -68, -68, -68, -68, -71, -68, -68, -68, -68, -72, -72, -72, -70, -70, -70, -70, -70, -70, -70, -68, -68, -68, -68, -68, -74, -74, -74, -74, -74, -74, -74, -74, -70, -70, -70, -70, -70, -70, -70, -70, -72, -72, -72, -72, -72, -72, -72, -72, -72, -72, -72, -72, -72, -72, -69, -69, -69, -69, -69, -69, -73, -73, -70, -71, -71, -71, -71, -71, -70, -70, -72, -71, -71, -71, -71, -70, 
34:bd:c8:ad:b2:b5, 2412, Alumni, -78, -78, -78, -78, -78, -82, -82, -82, -82, -82, -77, -77, -77, -77, -77, 
34:bd:c8:ad:b2:b0, 2412, sMobileNet, -79, -79, -79, -79, -79, -79, -79, -79, -79, -79, -81, -81, -81, -81, -81, 
ec:c8:82:7a:e1:62, 2412, Universities WiFi, -81, -81, -81, -81, -81, -81, -81, -81, -81, -81, -79, -79, -79, -79, -79, -79, -79, 
ec:c8:82:7a:dc:54, 2462, eduroam, -83, -83, -83, -83, -83, -80, -80, -80, -80, -80, -81, -81, -81, -81, -81, -79, -80, -80, -81, -81, -80, -80, -80, -80, -80, -78, -78, -78, -79, -80, -80, -80, -80, -80, -80, -80, -80, -80, -80, -80, -80, -80, -80, -80, -81, -81, -81, -81, -81, -81, -79, -79, -79, -79, -79, -79, -79, -79, -80, -80, -80, -80, -80, -82, -82, -82, -82, -82, -82, -82, -81, -81, -81, -78, -78, -78, -78, -78, -78, -81, -81, -81, -81, -81, -81, -81, -81, -79, -79, -79, -79, -79, -79, -79, -79, 
28:93:fe:f4:af:04, 2462, sMobileNet, -84, -84, -84, -84, -84, -79, -79, -79, -79, -79, -80, -80, -80, -80, -80, -73, -73, -73, -73, -73, -74, -74, -75, -75, -75, -75, -76, -76, -76, -76, -76, -76, -76, -78, -78, -78, -78, -78, -80, -80, -80, -80, -80, -79, -79, -79, -79, -83, -83, -83, -83, -83, 
00:24:36:a6:29:52, 5745, airport Network, -79, -75, -75, -79, -85, -76, -79, -75, -74, -74, -73, -72, -74, -74, -73, -71, -73, -73, -75, -75, -75, -75, -75, -71, -73, -73, -72, -73, -72, -71, -70, -73, -72, -72, -73, -77, -84, -76, -71, -71, -71, -69, -69, -69, -70, -72, -71, -75, -75, -76, -76, -76, -76, -76, -75, -75, -75, -77, -80, -78, -79, -77, -80, -78, -80, -80, -80, -80, -78, -80, -80, -80, -80, -80, -78, -80, -79, -79, -79, -79, -79, -79, -75, -78, -79, -79, -79, -78, -78, -78, -77, -77, -77, -80, -80, -81, -81, -81, -80, -80, -80, -79, -80, -80, -78, -79, -78, -78, -78, -78, -79, -80, -83, -79, -82, -82, -84, -82, -82, -82, -84, -80, -81, -82, -83, -81, -81, -81, -84, -81, -81, -81, -84, -83, -83, -85, -84, -80, -80, -80, -80, -80, -80, -80, -80, -80, -80, -80, -80, -80, -80, -80, -80, -80, -80, -80, -80, -80, -80, -80, -80, -80, -80, -80, -80, -80, -80, -80, -80, -80, -80, -80, -80, -80, -80, -80, -80, -80, -80, -80, -80, -80, -80, -80, -80, -80, -80, -80, -80, -80, -80, -80, -80, -80, -80, -80, -80, -80, -80, -80, 
ec:c8:82:7a:df:61, 2412, PCCW, -76, -67, -67, -69, -68, -68, -69, -70, -69, -69, -68, -76, -71, -68, -68, -68, -68, -68, -69, -69, -69, -69, -69, -69, -69, -76, -77, -76, -68, -68, -72, -74, -74, -68, -66, -66, -69, -67, -66, -68, -68, -69, -69, -69, -70, -70, -71, -69, -71, -71, -70, -70, -71, -71, -70, -70, -70, -69, -69, -70, -70, -70, -71, -68, -68, -69, -69, -72, -73, -70, -72, -73, -72, -71, -71, -72, -72, -71, -70, -69, -70, -72, -72, -75, -72, -72, -68, -70, -70, -70, -68, -71, -71, -70, -69, -69, -69, -74, -74, -74, -74, -79, -79, -76, -76, -75, -75, -75, -75, -74, -77, -71, -71, -75, -75, -73, -74, -72, -74, -74, -74, -74, -74, -73, -71, -71, -71, -71, -71, -75, -75, -74, -74, -74, -73, -73, -76, -70, -69, -73, -70, -70, -73, -71, -71, -73, -73, -72, -74, -74, -71, -71, -71, -72, -73, -73, -72, -72, -72, -72, -72, -71, -71, -71, -71, -71, -71, -71, -71, -74, -72, -72, -72, -72, -72, -71, -71, -71, -71, -74, -74, -73, -72, -72, -72, -73, -77, -77, -74, -73, -71, -71, -71, -73, -74, -75, -72, -72, -72, -74, 
06:24:36:a6:29:52, 5745, airport Guest Network, -81, -78, -77, -80, -84, -79, -80, -78, -75, -76, -75, -75, -76, -76, -76, -74, -77, -75, -77, -77, -77, -77, -77, -73, -75, -74, -74, -75, -75, -73, -72, -76, -75, -75, -75, -79, -83, -77, -75, -74, -73, -73, -73, -72, -73, -75, -74, -77, -77, -78, -78, -78, -78, -78, -78, -78, -78, -80, -81, -80, -82, -81, -83, -81, -82, -82, -82, -81, -80, -83, -82, -83, -82, -82, -81, -81, -81, -81, -81, -81, -82, -81, -77, -81, -81, -81, -82, -80, -80, -80, -79, -79, -79, -83, -83, -84, -84, -84, -83, -83, -83, -82, -82, -82, -81, -81, -81, -80, -80, -80, -81, -84, -85, -81, -83, -84, -87, -83, -85, -86, -85, -83, -82, -84, -84, -83, -83, -83, -85, -83, -83, -83, -86, -85, -85, -86, -85, -81, -81, -81, -81, -81, -81, -81, -81, -81, -81, -81, -81, -81, -81, -81, -81, -81, -81, -81, -81, -81, -81, -81, -81, -81, -81, -81, -81, -81, -81, -81, -81, -81, -81, -81, -81, -81, -81, -81, -81, -81, -81, -81, -81, -81, -81, -81, -81, -81, -81, -81, -81, -81, -81, -81, -81, -81, -81, -81, -81, -81, -81, -81, 
34:bd:c8:ad:b2:b3, 2412, Y5ZONE, -79, -79, -79, -79, -79, -80, -81, -81, -81, -81, -79, -79, -79, -79, -79, -79, -79, -77, -77, -77, -77, -77, -81, -81, -81, -81, -81, -82, -82, -82, -81, -81, -81, -81, -81, -84, -84, -84, -84, -84, -84, -84, 
ec:c8:82:7a:e1:61, 2412, PCCW, -81, -81, -81, -81, -81, -82, -82, -82, -82, -82, -78, -78, -78, -78, -77, -77, -77, -77, -77, -81, -81, -81, -81, -81, -80, -80, -80, -80, -80, -80, -80, -80, -80, -80, -80, -80, -80, -80, -80, -82, -82, -82, -82, -82, -80, -80, -80, -80, -83, -83, -83, -83, -83, -83, -83, -80, -80, -80, -80, -80, -80, -80, -80, -80, -80, -80, -82, -82, -82, -82, -82, -82, -82, -82, 
ec:c8:82:7a:df:6d, 5180, Universities WiFi, -73, -73, -73, -73, -73, -73, -73, -73, -73, -73, -73, -73, -73, -73, -73, -74, -74, -74, -74, -74, -72, -72, -72, -72, -73, -73, -73, -73, -73, -74, -74, -71, -71, -71, -71, -69, -69, -69, -69, -69, -72, -72, -72, -71, -71, -71, -71, -71, -70, -68, -68, -68, -68, -70, -70, -70, -70, -70, -70, -70, -75, -75, -75, -75, -75, -75, -75, -75, -76, -76, -76, -76, -76, -76, -76, -73, -73, -73, -73, -73, -73, -73, -76, -74, -74, -74, -74, -74, -74, -75, -75, -75, -75, -75, -75, -75, -75, 
ec:c8:82:7a:df:6b, 5180, eduroam, -74, -74, -74, -74, -74, -73, -73, -73, -73, -73, -75, -75, -75, -75, -75, -74, -74, -74, -74, -74, -74, -74, -75, -75, -75, -75, -75, -75, -75, -75, -75, -75, -75, -75, -71, -71, -71, -71, -71, -73, -73, -73, -72, -72, -73, -73, -73, -69, -69, -69, -69, -71, -71, -71, -70, -70, -70, -70, -70, -75, -75, -75, -75, -74, -74, -74, -74, -74, -74, -74, -74, -74, -74, -74, -74, -74, -73, -73, -73, -73, -73, -73, 
00:23:eb:3a:15:bf, 5320, sMobileNet, -75, -75, -75, -75, -75, -75, -76, -76, -72, -73, -73, -73, -73, -73, -74, -74, -74, -74, -75, -74, -75, -74, -74, -74, -75, -75, -75, -73, -73, -73, -75, -75, -72, -74, -72, -72, -75, -75, -74, -72, -72, -72, -72, -72, -74, -75, -73, -74, -73, -73, -73, -73, -73, -73, -73, -73, -74, -73, -73, -75, -74, -73, -74, -73, -73, -74, -74, -73, -73, -73, -73, -73, -74, -75, -74, -76, -76, -75, -75, -74, -74, -74, -75, -76, -76, -76, -76, -77, -77, -76, -75, -75, -75, -75, -73, -73, -75, -75, -75, -75, -75, -75, -75, -75, -75, -74, -75, -74, -74, -73, -73, -74, -74, -74, -73, -74, -74, -74, -75, -75, -75, -75, -75, -75, -75, -74, -75, -75, -76, -75, -75, -74, -74, -75, -75, -75, -76, -76, -76, -76, -76, -76, -76, -76, -76, -76, -76, -76, -76, -76, -76, -76, -76, -76, -76, -76, -76, -76, -76, -76, -76, -76, -76, -76, -76, -76, -76, -76, -76, -76, -76, -76, -76, -76, -76, -76, -76, -76, -76, -76, -76, -76, -76, -76, -76, -76, -76, -76, -76, -76, -76, -76, -76, -76, -76, -76, -76, -76, -76, 
34:bd:c8:db:57:8f, 5805, sMobileNet, -75, -77, -77, -77, -77, -77, -77, -78, -76, -79, -79, -79, -76, -76, -76, -79, -78, -78, -76, -76, -76, -78, -79, -79, -79, -79, -79, -77, -76, -76, -76, -76, -79, -79, -75, -79, -79, -78, -78, -78, -76, -76, -75, -75, -75, -77, -73, -73, -73, -77, -75, -75, -75, -76, -76, -76, -79, -75, -75, -76, -76, -75, -75, -75, -75, -76, -76, -74, -75, -79, -77, -76, -76, -76, -77, -77, -76, -75, -77, -77, -77, -77, -77, -77, -75, -75, -75, -76, -75, -76, -76, -76, -77, -77, -76, -76, -76, -76, -76, -76, -77, -77, -76, -77, -77, -76, -76, -75, -78, -78, -75, -76, -76, -75, -75, -78, -78, -77, -77, -77, -77, -77, -78, -78, -79, -79, -79, -75, -75, -77, -77, -77, -80, -80, -76, -74, -74, -74, -74, -74, -74, -74, -74, -74, -74, -74, -74, -74, -74, -74, -74, -74, -74, -74, -74, -74, -74, -74, -74, -74, -74, -74, -74, -74, -74, -74, -74, -74, -74, -74, -74, -74, -74, -74, -74, -74, -74, -74, -74, -74, -74, -74, -74, -74, -74, -74, -74, -74, -74, -74, -74, -74, -74, -74, -74, -74, -74, -74, 
28:93:fe:f4:af:0c, 5825, eduroam, -77, -81, -80, -78, -78, -78, -78, -73, -78, -78, -78, -77, -73, -73, -73, -73, -75, -75, -75, -76, -77, -78, -75, -75, -75, -78, -78, -79, -79, -77, -79, -78, -78, -79, -79, -77, -77, -77, -81, -81, -81, -81, -76, -78, -76, -76, -79, -80, -77, -80, -80, -80, -78, -78, -78, -78, -78, -78, -79, -83, -83, -83, -83, -80, -78, -80, -76, -76, -76, -76, -76, -76, -76, -76, -76, -83, -83, -83, -82, -82, -78, -78, -81, -75, -75, -75, -75, -77, -75, -74, -78, -79, -79, -79, -79, -75, -75, -79, -79, -79, -79, -81, -80, -78, -82, -82, -82, -81, -81, -81, -77, -77, -79, -79, -79, -79, -77, -78, -77, -76, -77, -77, -77, -79, -77, -75, -75, -75, -79, -79, -79, -79, -79, -79, -79, -79, -79, -79, -79, -79, -79, -79, -79, -79, -79, -79, -79, -79, -79, -79, -79, -79, -79, -79, -79, -79, -79, -79, -79, -79, -79, -79, -79, -79, -79, -79, -79, -79, -79, -79, -79, -79, -79, -79, -79, -79, -79, -79, -79, -79, -79, -79, -79, -79, -79, -79, -79, -79, -79, -79, -79, 
28:93:fe:f4:af:0a, 5765, Alumni, -79, -79, -79, -80, -80, -80, -80, -78, -78, -78, -79, -81, -81, -81, -79, -79, -79, -79, 
28:93:fe:f4:af:0b, 5765, sMobileNet, -79, -79, -83, -81, -81, -81, -81, -79, -79, -79, -80, -80, -80, -80, -79, -79, -79, -79, -83, -83, -83, -83, -83, -83, 
28:93:fe:f4:af:0d, 5765, Universities WiFi, -80, -83, -83, -81, -81, -81, -82, -79, -79, -79, -79, -81, -81, -81, -81, -83, -83, -83, -83, 
88:1f:a1:3a:a0:f4, 2462, Airport Time Capsule, -88, -88, -89, -89, -89, -89, -89, -92, -92, -92, -92, -92, -86, -86, -86, -86, -90, -87, -87, -88, -88, -88, -88, -88, -89, -89, -89, -88, -88, -88, -88, -88, -91, -91, -91, -91, -91, -91, -91, -91, -91, -91, -88, -90, -90, -90, -90, -90, -92, -92, -92, -92, -91, -91, -91, -91, -91, -91, -91, -87, -87, -87, -87, -87, -87, -87, -87, -87, -87, -90, -90, -90, -90, -90, 
00:1d:73:74:de:ec, 2412, Mirtech, -89, -85, -84, -84, -86, -87, -87, -87, -87, -87, -90, -90, -90, -90, -90, -84, -84, -84, -84, -84, -90, -89, -89, -89, -89, -89, -92, -92, -92, -92, -92, -89, -89, -89, -89, -89, -89, -89, -89, -91, -87, -86, -86, -88, -91, -91, -91, -91, -91, -88, -88, -88, -84, -88, -85, -85, -85, -87, -87, -87, -87, -89, -90, -90, -87, -87, -88, -88, -88, -88, -88, -86, -89, -89, -90, -90, -90, -89, -89, -89, -90, -89, -89, -89, -89, -89, -89, -90, -90, -90, -90, -90, -90, -90, -90, -89, -89, -89, -91, -91, -87, -87, -88, -88, -89, -89, -83, -88, -88, -88, -88, -88, -88, -88, -88, -88, -89, -89, -88, -89, -89, -88, -88, -88, -88, -88, -88, -85, -85, -89, -89, -89, -87, -87, -87, -87, -88, -87, -90, -90, -89, -88, -89, -87, -87, -87, -87, -83, -86, -87, -87, -87, 
ec:c8:82:7a:df:6e, 5180, PCCW, -74, -74, -74, -74, -74, -75, -75, -72, -72, -74, -74, -77, -77, -77, -77, -76, -76, -76, -76, -76, -76, -76, -76, -76, -76, -76, -75, -75, -75, -75, -75, -74, -74, -74, -74, -75, -75, -75, -75, -75, -75, -75, -75, -75, -74, -74, -73, -73, -73, -73, -75, -73, -73, -73, -72, -75, -74, -74, -75, -76, -72, -72, -74, -72, -72, -72, -72, -72, -76, -76, -72, -72, -72, -72, -72, -75, -73, -73, -71, -70, -71, -72, -72, -72, -70, -70, -70, -70, -70, -70, -70, -75, -75, -75, -75, -75, -74, -74, -74, -74, -74, -76, -76, -76, -76, -76, -76, -76, -76, -76, -76, -76, -74, -74, -74, -74, -74, -74, -74, -77, -77, -77, -76, -76, -76, -76, -76, -76, -76, -73, -75, -75, -75, -75, -75, -75, -75, -73, -74, -74, -74, -74, -74, 
28:93:fe:f4:af:0e, 5765, PCCW, -79, -83, -83, -81, -81, -81, -81, -78, -78, -78, -78, -82, -82, -82, -79, -79, -79, -79, -84, -84, -84, -84, -81, -82, -82, -82, -82, -84, -84, -84, -84, -82, -82, -82, 
28:93:fe:f4:af:0f, 5765, Y5ZONE, -80, -82, -83, -82, -82, -81, -81, -78, -78, -78, -78, -80, -80, -82, -82, -82, -82, 
ec:c8:82:7a:dc:51, 2462, PCCW, -81, -81, -81, -77, -77, -76, -76, -76, -77, -80, -80, -79, -78, -78, -79, -79, -79, -79, -79, -79, -79, -77, -77, -77, -77, -77, -79, -79, -79, -79, -79, -79, -79, -79, -79, -79, -79, -79, -79, -79, -79, -79, -79, -79, -78, -79, -79, -79, -79, -82, -82, -81, -81, -78, -78, -78, -77, -77, -77, -78, -80, -79, -78, -78, -78, -78, -78, -78, -79, -79, -79, -79, -79, -81, -81, -81, -80, -80, -80, -80, -80, -80, -80, -80, -80, -80, -80, -80, -80, -81, -80, -80, -80, -80, -79, -79, -79, -79, -79, -79, -80, -80, -80, -80, -80, -80, -80, -81, -79, -79, -77, -77, -77, -77, -77, -77, -77, -80, -80, -80, -81, -81, -81, -81, -81, -79, -80, -78, -78, -78, -78, -78, -78, -79, -79, -80, -80, -80, -80, -80, -80, -80, -79, -79, -79, -79, -79, -79, -79, -80, -80, 
94:39:e5:59:9e:5b, 2437, HP-Print-5b-LaserJet 100, -89, -86, -86, -87, -89, -90, -90, -90, -90, -90, -91, -91, -91, -91, -91, -91, -92, -92, -90, -88, -88, -88, -89, -89, -89, -89, -88, -89, -87, -87, -89, -89, -89, -89, -90, -89, -91, -89, -89, -89, -90, -90, -90, -90, -90, -90, -91, -90, -90, -90, -90, -90, -91, -91, -91, -91, -91, -91, -91, -91, -91, -91, -92, -92, -92, -92, -92, -91, -90, -91, -90, -90, -90, -89, -89, -89, -89, -88, -89, -89, -88, -88, -88, -89, -91, -91, -91, -91, -93, -93, -91, -91, -93, -93, -93, -91, -91, -91, -91, -91, -89, -89, -89, -89, -89, -91, -91, -91, -90, -90, -89, -89, -89, -89, -89, -89, -91, -91, -91, -91, -91, -91, -89, -89, -90, -90, -90, -90, -89, -89, -91, -90, -90, -90, -90, -90, -90, -89, -89, -89, -89, -90, -89, -89, -88, -89, -89, -90, -91, -90, -89, -89, -89, -89, -89, -89, -89, -88, -88, -89, -89, -89, -90, -90, -90, -90, -89, -89, -89, -89, -87, 
00:25:84:22:f7:3f, 5320, sMobileNet, -76, -76, -76, -76, -76, -76, -76, -76, -76, -76, -76, -76, -75, -76, -76, -76, -76, -75, -73, -73, -75, -75, -74, -74, -72, -72, -74, -75, -75, -75, -75, -75, -76, -76, -76, -76, -76, 
00:25:84:22:f7:3e, 5320, Universities WiFi, -76, -76, -76, -76, -75, -75, -75, -75, -75, -76, -74, -73, -75, -75, -75, -74, -73, -72, -72, -73, -75, -75, -75, -75, -75, -75, -75, -75, -75, -75, 
ec:c8:82:7a:de:6a, 5280, Alumni, -77, -77, -77, -77, -77, -78, -78, -78, -78, -78, -78, -78, -78, -78, -78, -77, -77, -77, -77, -78, -78, -77, -77, -77, -77, -77, -77, -77, -77, -76, -78, -78, -78, -78, -78, -78, -78, -78, -78, -78, -78, -78, -78, -78, -78, -78, -78, -78, -78, -78, -78, -78, -78, -78, -78, -78, -78, -78, -78, -78, -78, -78, -78, -78, -78, -78, -78, -78, -78, -78, -78, -78, -78, -78, -78, -78, -78, -78, -78, -78, -78, -78, -78, -78, -78, -78, -78, -78, -78, -78, -78, -78, -78, -78, 
ec:c8:82:7a:3f:d0, 2462, sMobileNet, -73, -69, -69, -69, -69, -69, -67, -64, -64, -64, -64, -61, -61, -61, -61, -61, -65, -65, -65, -65, -65, -65, -65, -65, -65, -65, -65, -65, -65, -65, -65, -64, -64, -64, -64, -64, -64, -64, -63, -63, -63, -63, -64, -64, -61, -62, -62, -62, -62, -62, -62, -62, -63, -65, -65, -65, -65, -63, -63, -63, -63, -63, -63, -63, -63, -63, -63, -63, -63, -63, -64, -64, -64, -64, -65, -65, -65, -63, -63, -63, -65, -65, -66, -66, -66, -66, -65, -65, -66, -67, -67, -67, -67, -65, -65, -68, -68, -68, -68, -70, -70, -70, -70, -70, -70, -70, -67, -67, -67, -67, -67, -67, -67, -67, -70, -70, -70, -70, -70, -70, -66, -66, -66, -70, -70, -70, -70, -70, -70, -70, -72, -72, -72, -68, -68, -68, -69, -69, -69, -69, -69, -69, -69, -71, -71, -71, -71, -71, -72, -72, -72, -72, -69, -69, -69, -69, -69, -69, -71, -71, -71, -70, -70, -70, -72, -71, -70, -70, -70, -72, -72, -72, -71, -71, -71, -71, -71, -71, -71, -69, 
00:23:eb:3a:0c:3c, 5260, Y5ZONE, -78, -78, -78, -72, -72, -72, -75, -75, -75, -75, -74, -74, -72, -68, -68, -68, -72, -72, -72, -70, -70, -70, -70, -70, -70, -70, -71, -71, -71, -75, -75, -75, -75, -72, -70, -71, -72, -72, -72, -67, -71, -71, -71, -71, -71, -71, -71, -71, -73, -74, -74, -72, -74, -74, -74, -75, -77, -74, -74, -74, -72, -72, -76, -72, -72, -72, -73, -72, -72, -72, -72, -72, -75, -73, -71, -71, -71, -71, -71, -74, -74, -74, -70, -71, -71, -71, -71, -74, -73, -73, -73, -73, -73, -76, -76, -76, -76, -76, -78, -76, -76, -76, -76, -76, -76, -77, -77, -77, -77, -76, -73, -74, -74, -74, -74, -74, -78, -78, -78, -78, -78, -78, -78, -78, -78, -78, -78, -78, -78, -78, -78, -78, -78, -78, -78, -78, -78, -78, -78, -78, -78, -78, -78, -78, -78, -78, -78, -78, -78, -78, -78, -78, -78, -78, -78, -78, -78, -78, -78, -78, -78, -78, -78, -78, -78, -78, -78, -78, -78, -78, -78, -78, -78, -78, -78, -78, -78, -78, -78, 
ec:c8:82:7a:3f:d5, 2462, Alumni, -69, -69, -69, -69, -69, -67, -64, -68, -68, -63, -63, -63, -63, -63, -63, -63, -63, -67, -67, -66, -66, -64, -63, -63, -63, -63, -62, -62, -62, -62, -63, -63, -64, -64, -64, -64, -64, -64, -66, -64, -64, -64, -64, -64, -64, -64, -64, -64, -64, -64, -64, -64, -64, -64, -66, -66, -66, -66, -66, -63, -61, -61, -67, -67, -64, -64, -64, -64, -64, -64, -64, -64, -64, -63, -63, -63, -63, -64, -64, -63, -63, -63, -65, -65, -65, -65, -65, -67, -67, -67, -65, -65, -65, -65, -67, -67, -67, -67, -67, -72, -72, -67, -67, -67, -67, -67, -71, -71, -71, -67, -67, -67, -67, -67, -65, -65, -65, -65, -65, -65, -68, -68, -68, -68, -68, -69, -69, -69, -69, -69, -71, -71, -71, -71, -71, -72, -72, -72, -70, -70, -70, -70, -70, -70, -70, -70, -70, -71, -70, -70, -70, -71, -71, -70, -70, -70, -70, -70, -70, -70, -70, -70, -69, -69, -69, -69, -69, 
00:23:eb:3a:0c:32, 2437, Universities WiFi, -80, -80, -80, -80, -80, -84, -84, -84, -84, -84, -78, -79, -79, -79, -79, -79, -77, -77, -77, -77, -77, -78, -78, -78, -78, -78, -78, -78, -78, -78, -78, -78, -81, -81, -81, -81, -81, -78, -78, -78, -78, -78, -81, -81, -81, -81, -81, -80, -80, -80, -80, -80, -79, -79, -79, -79, -79, -79, -80, -80, -79, -79, -79, -79, -79, -78, -77, -77, -77, -77, -77, -77, -77, -77, -77, -77, -77, -77, -77, -77, -77, 
84:1b:5e:37:a4:a8, 5745, MAXIMIND-5G, -87, -88, -87, -87, -88, -88, -88, -88, -88, -89, -89, -89, -89, -89, -87, -87, -87, -87, -87, -89, -88, -88, -88, -88, -88, -90, -87, -87, -87, -87, -87, -91, -91, -91, -89, -88, -88, -88, -88, -88, -88, -88, -88, -88, -88, -88, -88, -89, -89, -89, -89, -89, -89, -89, -89, -89, -93, -93, -93, -93, -88, -88, -88, -88, -89, -89, -89, -89, -89, -89, -89, -89, -89, -89, -89, -89, -89, -89, -89, -89, -89, -89, -89, -89, -89, -89, -89, -89, -89, -89, -89, -89, -89, -89, -89, -89, -89, -89, -89, -89, -89, -89, -89, -89, -89, -89, -89, -89, -89, -89, -89, -89, -89, -89, -89, -89, -89, -89, -89, -89, -89, -89, -89, -89, -89, -89, -89, -89, 
ec:c8:82:7a:dc:52, 2462, Universities WiFi, -77, -77, -77, -77, -77, -77, -78, -78, -78, -78, -78, -81, -81, -81, -80, -80, -80, -80, -80, -80, -80, -80, -81, -81, -79, -79, -79, -79, -79, -79, -79, -82, -82, -82, -82, -82, -82, -82, -82, -82, -79, -79, -79, -79, -79, -82, -82, -82, -82, -81, -81, -81, -79, -79, -79, -79, -79, -79, -81, -81, -81, -81, -81, -82, -82, -82, -81, -81, -81, -81, -81, -81, -81, -81, 
28:93:fe:f4:af:02, 2462, Universities WiFi, -79, -79, -79, -79, -79, -77, -77, -77, -77, -73, -73, -73, -73, -73, -74, -74, -74, -74, -74, -76, -79, -79, -80, -80, -80, -80, -80, -78, -80, -80, -80, -80, -80, -79, -79, -79, -79, -79, -80, -80, -80, -80, -80, -80, -80, -80, -80, -80, -80, -80, -80, -80, -79, -79, -79, -79, -79, -79, -79, -79, 
a0:f3:c1:98:9b:44, 2462, ustrobotics, -92, -92, -92, -92, -92, 
02:2f:4f:ac:99:a7, 2457, HP01C2D1, -81, -81, -81, -87, -87, -87, -87, -89, -89, -89, -89, -89, -90, -90, -90, -90, -90, -92, -89, -89, -89, -89, -89, -90, -90, -90, -90, -90, -88, -88, -88, -88, -88, -88, -87, -87, -87, -87, -87, -90, -90, -90, -90, -90, -90, -90, -90, -90, -90, -91, -91, -91, -91, -91, -90, -90, -90, -90, -90, -90, -90, -90, -90, -90, -93, -93, -93, -93, -93, -93, -93, -93, -93, -92, -92, -92, -92, -92, -92, -92, -92, -92, -91, -91, -91, -91, -91, -91, -91, -91, 
00:23:eb:3a:0c:3a, 5260, Alumni, -73, -73, -73, -73, -77, -77, -77, -75, -75, -73, -69, -69, -69, -73, -72, -72, -70, -70, -70, -70, -70, -76, -76, -73, -73, -73, -75, -75, -75, -76, -72, -71, -74, -75, -75, -74, -68, -73, -73, -73, -73, -71, -71, -72, -71, -72, -72, -72, -73, -73, -76, -76, -76, -76, -76, -76, -76, -72, -72, -72, -72, -72, -72, -72, -72, -75, -74, -74, -77, -77, -77, -77, -76, -74, -74, -74, -70, -71, -71, -71, -71, -75, -73, -73, -73, -73, -73, -73, -76, -76, -76, -75, -75, -75, -75, -77, -77, -77, -77, -76, -74, -74, -74, -74, -74, -74, -77, -77, -77, -77, -77, -77, -77, -77, -77, -77, -77, -77, -77, -77, -77, -77, -77, -77, -77, -77, -77, -77, -77, -77, -77, -77, -77, -77, -77, -77, -77, -77, -77, -77, -77, -77, -77, -77, -77, -77, -77, -77, -77, -77, -77, -77, -77, -77, -77, -77, -77, -77, -77, -77, -77, -77, -77, -77, -77, -77, -77, -77, -77, 
00:23:eb:3a:0c:3b, 5260, eduroam, -75, -75, -75, -75, -75, -75, -75, -72, -72, -68, -68, -68, -73, -72, -71, -71, -70, -70, -74, -74, -74, -74, -75, -75, -75, -75, -75, -75, -72, -71, -71, -74, -73, -73, -68, -68, -72, -72, -71, -72, -73, -74, -74, -74, -74, -72, -72, -74, -74, -74, -75, -75, -75, -75, -75, -72, -72, -72, -72, -72, -72, -73, -74, -74, -74, -74, -74, -76, -73, -73, -74, -74, -75, -75, -75, -75, -75, -75, -71, -72, -72, -72, -72, -76, -74, -74, -74, -74, -74, -78, -78, -78, -78, -78, -76, -77, -77, -77, -75, -76, -76, -76, -76, -76, -76, -76, -76, -76, -74, -75, -75, -75, -75, -75, -76, -76, -76, -76, -76, -76, -76, -76, -76, -76, -76, -76, -76, -76, -76, -76, -76, -76, -76, -76, -76, -76, -76, -76, -76, -76, -76, -76, -76, -76, -76, -76, -76, -76, -76, -76, -76, -76, -76, -76, -76, -76, -76, -76, -76, -76, -76, -76, -76, -76, -76, -76, -76, -76, -76, -76, -76, -76, -76, -76, -76, -76, -76, 
00:23:eb:3a:0c:3d, 5260, Universities WiFi, -75, -75, -75, -75, -75, -75, -75, -75, -72, -72, -67, -67, -67, -67, -72, -71, -71, -70, -70, -72, -72, -75, -75, -73, -73, -73, -73, -73, -70, -70, -73, -74, -75, -75, -68, -73, -73, -73, -70, -74, -74, -72, -73, -73, -72, -72, -72, -73, -73, -73, -73, -73, -72, -72, -75, -75, -75, -75, -74, -74, -74, -74, -75, -75, -75, -75, -75, -75, -75, -74, -75, -75, -75, -75, -75, -76, -72, -69, -71, -71, -71, -74, -74, -72, -72, -72, -72, -72, -75, -75, -75, -75, -75, -75, -75, -75, -77, -77, -77, -77, -77, -75, -75, -75, -75, -74, -74, -74, -74, -74, -74, -74, -77, -77, -77, -77, -77, -77, -77, -77, -77, -77, -77, -77, -77, -77, -77, -77, -77, -77, -77, -77, -77, -77, -77, -77, -77, -77, -77, -77, -77, -77, -77, -77, -77, -77, -77, -77, -77, -77, -77, -77, -77, -77, -77, -77, -77, -77, -77, -77, -77, -77, -77, -77, -77, -77, -77, -77, -77, -77, -77, -77, -77, -77, -77, 
28:93:fe:f4:af:00, 2462, Y5ZONE, -77, -77, -77, -77, -77, -78, -78, -78, -78, -78, -72, -72, -72, -72, -72, -76, -76, -76, -74, -76, -74, -74, -74, -74, -74, -74, -74, -74, -74, -74, -78, -78, -78, -78, -78, -77, -77, -77, -77, -77, -81, -81, -81, -81, -81, -81, -81, -81, -81, -81, 
34:bd:c8:db:57:80, 2437, sMobileNet, -70, -70, -70, -72, -72, -72, -72, -72, -66, -65, -65, -63, -63, -63, -63, -63, -69, -69, -69, -65, -63, -63, -63, -63, -63, -68, -65, -65, -64, -62, -62, -62, -62, -63, -63, -63, -63, -62, -62, -62, -62, -62, -62, -62, -62, -62, -63, -63, -61, -61, -61, -63, -63, -63, -63, -63, -63, -61, -61, -61, -61, -61, -61, -61, -59, -59, -59, -59, -59, -59, -59, -59, -59, -59, -60, -60, -60, -60, -60, -66, -64, -64, -64, -64, -64, -66, -66, -66, -66, -66, -66, -66, -64, -64, -68, -68, -66, -66, -63, -63, -63, -63, -63, -65, -61, -65, -65, -65, -70, -70, -70, -70, -68, -65, -65, -65, -65, -65, -65, -67, -67, -67, -64, -64, -64, -64, -62, -62, -62, -62, -67, -67, -67, -65, -65, -66, -66, -65, -67, -67, -67, -68, -65, -65, -65, -65, -65, -65, -65, -65, -65, -65, -66, -66, -66, -66, -66, -66, -66, -66, -66, -65, -65, -65, -65, -65, -65, -65, -67, -67, -67, -67, -67, -66, -65, -65, 
28:93:fe:f4:af:05, 2462, Alumni, -76, -76, -76, -76, -76, -76, -76, -76, -76, -76, -73, -73, -73, -73, -74, -74, -74, -74, -73, -73, -73, -73, -73, -72, -72, -73, -73, -73, -73, -73, -78, -78, -78, -78, -78, -78, -78, -78, -78, -78, -78, -78, -78, -78, -83, -83, -83, -83, -83, -79, -79, -79, -79, -79, -77, -77, -77, -77, -77, -80, -80, -80, -80, -80, -77, -77, -75, -75, -75, -75, -75, -75, -75, -75, -77, -77, -77, 
00:23:eb:3a:15:b0, 2437, sMobileNet, -81, -81, -81, -81, -81, -80, -81, -81, -81, -81, -81, -81, -81, -81, -81, -81, -81, -81, -81, -81, -81, 
00:23:eb:3a:0c:3f, 5260, sMobileNet, -76, -76, -76, -76, -76, -76, -72, -72, -68, -68, -72, -75, -73, -72, -72, -71, -71, -75, -75, -77, -77, -75, -75, -75, -75, -76, -76, -76, -73, -72, -75, -75, -76, -75, -69, -71, -75, -75, -73, -71, -71, -75, -74, -75, -72, -72, -75, -75, -75, -75, -75, -75, -75, -72, -72, -72, -73, -73, -73, -73, -73, -75, -74, -74, -75, -75, -76, -76, -76, -76, -76, -75, -71, -74, -74, -74, -74, -77, -75, -75, -75, -75, -75, -76, -76, -76, -78, -78, -78, -78, -77, -77, -77, -77, -77, -77, -77, -77, -77, -76, -76, -76, -76, -77, -75, -75, -75, -75, -78, -78, -77, -77, -77, -77, -77, -77, -77, -77, -77, -77, -77, -77, -77, -77, -77, -77, -77, -77, -77, -77, -77, -77, -77, -77, -77, -77, -77, -77, -77, -77, -77, -77, -77, -77, -77, -77, -77, -77, -77, -77, -77, -77, -77, -77, -77, -77, -77, -77, -77, -77, -77, -77, -77, -77, -77, -77, -77, -77, -77, -77, -77, -77, -77, -77, -77, -77, -77, -77, 
28:93:fe:f4:af:03, 2462, eduroam, -77, -77, -77, -77, -77, -78, -78, -78, -78, -78, -78, -80, -80, -80, -80, -80, -77, -77, -77, -77, -77, -76, -76, -76, -76, -76, -78, -78, -78, -78, -78, -81, -81, -81, -81, -81, -78, -78, -78, -78, -78, -82, -82, -82, -82, -82, -78, -78, -78, -78, -78, -83, -83, -83, -83, -83, -83, -81, -81, -81, -81, -81, -81, -81, 
00:23:eb:3a:0c:3e, 5260, PCCW, -76, -76, -76, -76, -77, -76, -74, -74, -68, -68, -68, -72, -71, -72, -71, -71, -71, -75, -75, -76, -76, -73, -73, -73, -73, -73, -69, -72, -73, -74, -75, -75, -68, -72, -71, -72, -72, -71, -73, -75, -72, -72, -72, -72, -72, -73, -73, -73, -73, -73, -73, -73, -73, -72, -72, -76, -72, -72, -72, -74, -74, -74, -74, -75, -75, -75, -75, -75, -75, -74, -74, -74, -74, -74, -73, -71, -72, -72, -72, -72, -75, -74, -75, -75, -75, -75, -76, -76, -76, -76, -76, -76, -76, -76, -76, -76, -76, -76, -76, -76, -76, -76, -76, -73, -73, -73, -73, -73, -75, -75, -75, -75, -75, -75, -75, -75, 
ec:c8:82:7a:de:6f, 5280, sMobileNet, -78, -78, -78, -78, -78, -77, -77, -76, -76, -76, -78, -78, -78, -78, -76, -76, -76, -76, -76, -76, -76, -75, -75, -75, -75, -75, -75, -75, -75, -75, -75, -75, -75, -75, -75, -75, -75, -75, -75, -75, -75, -75, -75, -75, -75, -75, -75, -75, -75, -75, -75, -75, -75, -75, -75, -75, -75, -75, -75, -75, -75, -75, -75, -75, -75, -75, -75, -75, -75, -75, -75, -75, -75, -75, -75, -75, -75, -75, -75, -75, -75, -75, -75, -75, -75, -75, 
ec:c8:82:7a:de:6b, 5280, eduroam, -78, -78, -78, -78, -78, -76, -76, -76, -76, -76, -76, -76, -76, -76, -76, -76, -76, -76, -76, -76, -76, -76, -76, -76, -76, -76, -76, -76, -76, -76, -76, -76, -76, -76, -76, -76, -76, -76, -76, -76, -76, -76, -76, -76, -76, -76, -76, -76, -76, -76, -76, -76, -76, -76, -76, -76, -76, -76, -76, -76, -76, -76, -76, -76, -76, -76, -76, -76, -76, -76, -76, -76, -76, -76, -76, -76, -76, -76, -76, -76, -76, -76, -76, -76, -76, 
ec:c8:82:7a:de:65, 2437, Alumni, -77, -77, -77, -77, -77, -80, -77, -76, -76, -76, -76, -76, -76, -76, -76, -76, -76, -80, -80, -80, -80, -80, -76, -76, -76, -76, -76, -80, -80, -78, -78, -78, -78, -78, -77, -77, -77, -77, -79, -79, -79, -79, -79, -77, -77, -77, -77, -77, -77, -77, -80, -80, -80, -80, -80, -76, -76, -76, -76, -76, -79, -79, -79, -79, -79, -78, -78, -78, -78, -78, -78, -78, -77, -77, -77, -77, -77, -77, -79, -79, -79, -79, -79, -79, -79, -81, -78, -78, -78, -78, -78, -81, -81, -81, -81, -81, -81, -81, -81, -81, -78, -78, -78, -79, -79, -79, -79, -79, 
00:15:6d:85:8e:45, 2412, sMobileNet_CSE, -90, -90, -90, -90, -90, -90, -90, -90, -90, -90, 
b8:8d:12:63:18:53, 2437, actony, -92, -92, -92, -92, -92, 
00:23:eb:3a:0c:33, 2437, Y5ZONE, -77, -77, -77, -77, -77, -80, -80, -80, -80, -83, -83, -81, -81, -81, -81, -81, -77, -79, -79, -79, -79, -81, -77, -77, -77, -77, -77, -78, -78, -78, -78, -78, -77, -77, -77, -80, -77, -77, -77, -80, -79, -79, -80, -78, -79, -79, -79, -79, -80, -80, -77, -77, -77, -77, -77, -77, -77, -78, -80, -80, -80, -80, -80, -81, -78, -80, -80, -80, -80, -80, -80, -80, -80, -80, -80, -80, -80, -76, -76, -76, -82, -81, -81, -81, -81, -81, -81, -83, -83, -83, -80, -79, -81, -81, -81, -81, -83, -83, -82, -81, -81, -81, -81, -82, -82, -82, -80, -80, -79, -79, -79, -79, -79, -82, -82, -82, -82, -82, -82, -82, -82, -82, -82, -79, -78, -78, -78, -77, -77, -78, -79, -80, -78, -79, -81, -81, -81, -79, -79, -77, -79, -78, -81, -81, -81, -81, -81, -81, -78, -78, -78, -78, -77, -77, -77, -77, -75, -75, -75, -75, -83, -83, -80, -80, -80, -80, -80, -81, -78, -77, -77, -77, -78, -78, -78, -78, -77, 
ec:c8:82:7a:de:63, 2437, Y5ZONE, -77, -77, -77, -77, -77, -75, -76, -79, -80, -80, -76, -76, -75, -76, -77, -77, -77, -77, -77, -78, -74, -74, -74, -74, -74, -78, -75, -75, -75, -75, -75, -75, -75, -75, -77, -75, -74, -74, -74, -74, -74, -75, -75, -77, -76, -76, -77, -77, -80, -78, -78, -77, -79, -77, -77, -77, -77, -77, -77, -77, -77, -77, -77, -79, -76, -76, -78, -79, -77, -77, -77, -76, -75, -79, -75, -75, -74, -78, -77, -75, -78, -78, -75, -77, -77, -79, -79, -79, -79, -79, -81, -81, -81, -81, -81, -77, -77, -77, -77, -77, -77, -78, -78, -78, -78, -78, -80, -77, -79, -79, -79, -79, -78, -78, -81, -81, -78, -76, -75, -75, -75, -78, -78, -78, -78, -79, -79, -79, -79, -79, -79, -80, -79, -80, -82, -82, -82, -82, -82, -82, -80, -83, -83, -83, -83, -83, -80, -77, -77, -77, -77, -77, -77, -77, -77, -77, -78, -78, -78, -82, -81, -81, -78, -78, -77, -78, -82, -80, -80, -80, -81, -81, -81, -80, -80, -80, -80, -78, -77, -77, -78, -78, -78, -78, -78, 
00:23:eb:3a:0c:31, 2437, PCCW, -77, -77, -77, -77, -77, -82, -82, -81, -81, -81, -81, -81, -76, -76, -76, -76, -76, -76, -76, -76, -76, -79, -76, -76, -76, -79, -77, -77, -77, -77, -80, -76, -76, -76, -80, -79, -79, -79, -79, -80, -80, -80, -80, -80, -80, -76, -76, -76, -81, -81, -81, -78, -78, -80, -80, -80, -80, -80, -80, -80, -80, -80, -80, -80, -80, -80, -80, -80, -78, -78, -78, -78, -75, -75, -75, -79, -81, -81, -81, -81, -81, -82, -82, -82, -78, -78, -82, -82, -82, -82, -82, -81, -81, -79, -79, -79, -79, -82, -82, -82, -79, -80, -80, -80, -80, -80, -80, -83, -83, -83, -83, -83, -83, -83, -83, -83, -83, -78, -78, -78, -78, -77, -77, -79, -78, -78, -78, -78, -79, -79, -79, -79, -79, -77, -77, -77, -77, -78, -82, -81, -81, -81, -81, -81, -80, -80, -77, -77, -78, -78, -76, -78, -78, -78, -80, -80, -80, -80, -80, -80, -81, -78, -78, -78, -78, -78, -79, -79, -79, -79, -79, 
34:bd:c8:ad:b2:b1, 2412, PCCW, -78, -78, -78, -78, -78, -79, -79, -79, -79, -79, -79, -77, -77, -77, -77, -77, -78, -78, -78, -78, -78, -81, -81, -81, -81, -81, -81, -81, -83, -83, -83, -83, -83, -82, -82, -82, -82, -82, -82, -82, -82, 
ec:c8:82:7a:de:61, 2437, PCCW, -78, -78, -78, -78, -78, -76, -77, -77, -79, -79, -79, -79, -77, -77, -77, -77, -77, -77, -77, -74, -74, -74, -74, -74, -74, -74, -74, -76, -76, -76, -75, -75, -75, -75, -75, -75, -75, -74, -74, -74, -75, -75, -76, -76, -76, -76, -76, -76, -76, -77, -77, -76, -78, -78, -78, -78, -78, -78, -79, -77, -77, -77, -77, -79, -76, -77, -78, -78, -78, -78, -78, -76, -76, -77, -76, -76, -75, -77, -76, -75, -75, -75, -75, -75, -75, -79, -79, -79, -79, -79, -82, -82, -82, -82, -82, -76, -78, -78, -78, -77, -77, -78, -78, -78, -78, -78, -81, -77, -77, -77, -77, -77, -79, -78, -78, -78, -78, -79, -75, -75, -75, -77, -77, -78, -78, -78, -78, -78, -78, -78, -78, -78, -80, -80, -81, -81, -81, -81, -81, -81, -80, -80, -80, -80, -81, -81, -81, -77, -77, -77, -77, -77, -77, -77, -77, -77, -77, -77, -77, -77, -77, -79, -78, -78, -76, -80, -80, -80, -81, -81, -81, -81, -81, -81, -80, -80, -80, -78, -78, -78, -78, -78, -78, -78, -78, 
ec:c8:82:7a:e1:63, 2412, Y5ZONE, -81, -81, -79, -79, -79, -79, -79, -80, -80, -80, -80, -80, -80, -80, -80, -80, -80, -80, -80, -79, -79, -80, -80, -80, -80, -80, -80, -80, -80, -80, -80, -80, -78, -79, -79, -79, -79, -79, -81, -81, -81, -81, -81, -83, -83, -83, -81, -81, -81, -81, -81, -80, -80, -80, -80, -83, -83, -83, -83, -83, -83, -83, -78, -78, -78, -78, -78, -78, 
40:b0:fa:6a:ee:46, 2427, LG-P715_1856et, -91, -91, -91, -91, -91, 
ec:c8:82:7a:dc:5a, 5765, Alumni, -84, -84, -84, -84, -84, -85, -85, -84, -84, -84, -84, -84, -83, -83, -83, -83, -83, -83, -83, -83, 
28:93:fe:f4:af:0d, 5825, Universities WiFi, -77, -75, -75, -73, -77, -76, -76, -76, -76, -76, -77, -77, -77, -77, -78, -78, -78, -78, -78, -79, -79, -79, -79, -80, -77, -77, -77, -78, -80, -80, -80, -76, -76, -76, -76, -80, -80, -79, -79, -77, -80, -78, -78, -78, -78, -78, -78, -79, -79, -81, -79, -79, -79, -79, -79, -75, -79, -77, -79, -79, -79, -79, -79, -81, -81, -81, -81, -81, -78, -77, -80, -76, -75, -76, -76, -76, -76, -74, -78, -79, -81, -81, -81, -77, -75, -75, -75, -79, -79, -83, -79, -78, -79, -79, -79, -79, -79, -79, -78, -78, -78, -78, -79, -79, -78, -78, -77, -75, -78, -78, -77, -80, -77, -78, -78, -78, -78, -78, -78, -78, -78, -78, -78, -78, -78, -78, -78, -78, -78, -78, -78, -78, -78, -78, -78, -78, -78, -78, -78, -78, -78, -78, -78, -78, -78, -78, -78, -78, -78, -78, -78, -78, -78, -78, -78, -78, -78, -78, -78, -78, -78, -78, -78, -78, -78, -78, -78, -78, -78, -78, -78, -78, -78, -78, -78, -78, -78, -78, -78, 
28:93:fe:f4:af:0f, 5825, Y5ZONE, -75, -73, -73, -72, -76, -76, -76, -75, -76, -79, -78, -75, -75, -75, -77, -78, -78, -78, -77, -78, -78, -78, -79, -79, -76, -76, -76, -77, -79, -79, -79, -75, -76, -76, -76, -80, -80, -77, -77, -78, -78, -78, -78, -78, -80, -80, -80, -80, -78, -80, -80, -81, -81, -81, -78, -78, -74, -74, -74, -75, -77, -77, -77, -77, -77, -81, -81, -81, -81, -81, -81, -78, -77, -77, -75, -74, -74, -74, -75, -75, -73, -77, -79, -80, -80, -80, -75, -75, -79, -79, -79, -80, -80, -80, -78, -78, -78, -78, -78, -78, -78, -78, -78, -79, -79, -79, -79, -77, -77, -77, -75, -77, -77, -77, -79, -77, -77, -78, -78, -78, -78, -78, -78, -78, -78, -78, -78, -78, -78, -78, -78, -78, -78, -78, -78, -78, -78, -78, -78, -78, -78, -78, -78, -78, -78, -78, -78, -78, -78, -78, -78, -78, -78, -78, -78, -78, -78, -78, -78, -78, -78, -78, -78, -78, -78, -78, -78, -78, -78, -78, -78, -78, -78, -78, -78, -78, -78, -78, -78, -78, -78, -78, 
ec:c8:82:7a:de:60, 2437, sMobileNet, -76, -76, -76, -76, -76, -76, -76, -76, -76, -76, -74, -74, -74, -74, -74, -76, -76, -76, -76, -76, -77, -77, -76, -76, -78, -78, -78, -78, -78, -76, -76, -76, -76, -75, -75, -75, -75, -75, -75, -75, -75, -81, -81, -81, -81, -81, -77, -77, -77, -77, -77, -77, -77, -77, -78, -78, -78, -78, -78, -77, -77, -77, -77, -77, -80, -80, -80, -83, -83, -83, -83, -83, -83, -83, -80, -80, -80, -78, -78, -78, -79, -79, -79, -79, -79, -79, -79, -79, -79, -79, -79, -79, -77, -77, -79, -79, -79, -79, -79, 
ec:c8:82:7a:dc:55, 2462, Alumni, -80, -80, -80, -80, -80, -84, -84, -84, -84, -84, -79, -79, -77, -77, -77, -77, -77, -82, -82, -82, -82, -82, -83, -83, -83, -83, -83, -81, -81, -81, -81, -81, -81, -81, -81, -81, -81, -81, -81, -81, -81, -81, -81, -81, -81, -81, -81, -81, -81, -81, -81, -81, -81, -82, -82, -82, -82, -82, -82, -82, -79, -79, -79, -79, -79, -79, -80, -81, -81, -81, -81, -81, -81, -81, -81, -79, -79, -79, -79, -79, -79, -79, -79, 
ec:c8:82:7a:dc:5e, 5765, PCCW, -85, -85, -83, -83, -83, -83, -83, -85, -84, -84, -84, -84, -84, -84, -84, 
28:93:fe:f4:af:0a, 5825, Alumni, -76, -76, -79, -79, -75, -75, -75, -78, -78, -79, -79, -77, -77, -77, -77, -78, -78, -76, -76, -76, -79, -79, -79, -79, -75, -76, -76, -76, -79, -79, -78, -78, -79, -79, -77, -77, -77, -80, -80, -82, -82, -80, -80, -80, -78, -78, -82, -80, -80, -80, -80, -80, -80, -78, -79, -75, -75, -75, -76, -76, -76, -76, -76, -76, -81, -81, -81, -81, -81, -78, -78, -81, -77, -74, -74, -74, -75, -75, -74, -78, -79, -79, -79, -79, -75, -75, -80, -81, -81, -79, -79, -79, -79, -79, -79, -79, -79, -79, -79, -78, -78, -79, -79, -79, -79, -77, -77, -78, -76, -77, -77, -76, -79, -77, -77, -79, -79, -78, -78, -78, -78, -78, -78, -78, -78, -78, -78, -78, -78, -78, -78, -78, -78, -78, -78, -78, -78, -78, -78, -78, -78, -78, -78, -78, -78, -78, -78, -78, -78, -78, -78, -78, -78, -78, -78, -78, -78, -78, -78, -78, -78, -78, -78, -78, -78, -78, -78, -78, -78, -78, -78, -78, -78, -78, -78, -78, -78, -78, -78, -78, 
28:93:fe:f4:af:0b, 5825, sMobileNet, -76, -76, -79, -79, -75, -75, -75, -77, -78, -78, -78, -78, -78, -78, -78, -79, -79, -76, -76, -76, -78, -78, -78, -78, -74, -76, -76, -76, -79, -79, -79, -79, -78, -78, -78, -78, -77, -81, -81, -81, -81, -80, -81, -81, -81, -81, -80, -79, -79, -75, -75, -79, -76, -77, -77, -77, -77, -77, -81, -80, -80, -80, -80, -80, -78, -78, -81, -76, -74, -76, -76, -76, -76, -74, -78, -78, -78, -78, -78, -75, -76, -76, -76, -78, -80, -80, -78, -78, -78, -78, -78, -79, -79, -79, -77, -77, -79, -79, -79, -79, -79, -79, -78, -76, -78, -78, -77, -79, -77, -77, -78, -78, -78, -78, -78, -78, -78, -78, -78, -78, -78, -78, -78, -78, -78, -78, -78, -78, -78, -78, -78, -78, -78, -78, -78, -78, -78, -78, -78, -78, -78, -78, -78, -78, -78, -78, -78, -78, -78, -78, -78, -78, -78, -78, -78, -78, -78, -78, -78, -78, -78, -78, -78, -78, -78, -78, -78, -78, -78, -78, -78, -78, -78, -78, -78, 
ec:c8:82:7a:dc:5b, 5765, eduroam, -82, -82, -82, -82, -82, -85, -85, -85, -85, -85, 
ec:c8:82:7a:dc:5f, 5765, sMobileNet, -83, -83, -83, -83, -83, -85, -85, -85, -85, -85, -85, -85, -84, -84, -84, -84, -84, 
ec:c8:82:7a:dc:5d, 5765, Universities WiFi, -83, -83, -83, -83, -83, -84, -84, -83, -83, -83, -83, -83, 
d0:57:85:8d:94:3b, 2412, AndroidHotspot A870K(0000), -81, -81, -81, -81, -81, -81, -81, -87, -87, -87, -87, -87, 
88:1f:a1:35:33:16, 2462, Zhang Qian's Network, -93, -93, -93, -93, -93, -92, -92, -92, -92, -92, 
ec:c8:82:7a:dc:5c, 5765, Y5ZONE, -82, -82, -82, -82, -82, -85, -85, -85, -85, -85, -82, -82, -82, -82, -82, -84, -84, -84, -84, -82, -82, -82, -82, -82, -85, -85, -85, -85, -85, -84, -84, -84, -84, -84, -84, 
00:1d:73:05:27:a3, 2457, aminehome, -92, -90, -90, -90, -90, -91, -91, -91, -89, -89, -89, -89, -89, -92, -92, -92, -92, -92, -92, -92, -92, -91, -91, -91, -91, -91, -91, -91, 
28:93:fe:f4:af:01, 2462, PCCW, -74, -74, -74, -74, -74, -74, -74, -73, -73, -73, -73, -73, -79, -79, -79, -79, -79, -78, -78, -78, -78, -78, -77, -77, -77, -77, -78, -78, -78, -78, -78, -76, -76, -76, -76, -76, -81, -81, -81, -81, -81, -80, -80, -80, -79, -79, -79, -79, -79, -79, -79, -79, 
34:bd:c8:db:54:0a, 5805, Alumni, -81, -81, -81, -81, -81, -82, -82, -82, -82, -82, 
ec:c8:82:7a:dc:50, 2462, sMobileNet, -81, -81, -81, -81, -81, -80, -80, -80, -80, -80, -80, -80, -80, -77, -77, -77, -77, -77, -77, -77, -77, -84, -81, -81, -81, -81, -81, -79, -83, -83, -83, -83, -83, -82, -82, -82, -82, -82, -82, -82, -82, -82, -82, -82, -82, -82, -84, -84, -84, -84, -82, -82, -82, -79, -79, -79, -79, -79, -79, -81, -81, -81, -81, -81, -81, -81, -81, -81, -81, -81, -81, -81, -81, -81, -81, -81, 
28:93:fe:f4:af:0e, 5825, PCCW, -78, -78, -78, -77, -76, -77, -77, -79, -79, -82, -82, -76, -77, -77, -77, -79, -79, -77, -77, -78, -79, -77, -77, -77, -79, -79, -79, -79, -81, -81, -81, -77, -79, -79, -79, -80, -80, -80, -80, -80, -78, -79, -76, -76, -80, -76, -76, -76, -76, -76, -76, -81, -81, -81, -81, -81, -78, -78, -80, -76, -75, -75, -75, -76, -76, -74, -78, -79, -79, -79, -79, -75, -75, -75, -75, -75, -78, -80, -80, -80, -80, -80, -81, -77, -77, -78, -82, -79, -79, -77, -78, -78, -77, -78, -78, -76, -79, -77, -77, -79, -79, -79, -79, -79, -79, -79, -79, -79, -79, -79, -79, -79, -79, -79, -79, -79, -79, -79, -79, -79, -79, -79, -79, -79, -79, -79, -79, -79, -79, -79, -79, -79, -79, -79, -79, -79, -79, -79, -79, -79, -79, -79, -79, -79, -79, -79, -79, -79, -79, -79, -79, -79, -79, -79, -79, -79, -79, -79, -79, -79, -79, -79, -79, -79, 
ec:c8:82:7a:de:6d, 5280, Universities WiFi, -75, -75, -75, -75, -75, -75, -75, -75, -75, -75, -75, -76, -76, -76, -76, -76, -75, -75, -75, -75, -75, -75, -75, -75, -75, -75, -75, -75, -75, -75, -75, -75, -75, -75, -75, -75, -75, -75, -75, -75, -75, -75, -75, -75, -75, -75, -75, -75, -75, -75, -75, -75, -75, -75, -75, -75, -75, -75, -75, -75, -75, -75, -75, -75, -75, -75, -75, -75, -75, -75, -75, -75, -75, -75, -75, -75, -75, -75, -75, -75, -75, -75, -75, 
84:74:2a:d3:05:24, 2412, 4GLTE_D30524, -76, -76, -76, -76, -72, -75, -75, -75, -75, -75, 
34:bd:c8:ad:b2:ba, 5765, Alumni, -85, -85, -85, -85, -85, 
ec:c8:82:7a:de:6c, 5280, Y5ZONE, -75, -75, -75, -75, -75, -75, -75, -75, -75, -77, -76, -76, -76, -76, -76, -76, -76, -76, -76, -76, -76, -76, -76, -76, -76, -76, -76, -76, -76, -76, -76, -76, -76, -76, -76, -76, -76, -76, -76, -76, -76, -76, -76, -76, -76, -76, -76, -76, -76, -76, -76, -76, -76, -76, -76, -76, -76, -76, -76, -76, -76, -76, -76, -76, -76, -76, -76, -76, -76, -76, -76, -76, -76, -76, -76, -76, -76, 
ec:c8:82:7a:de:6e, 5280, PCCW, -76, -76, -76, -76, -76, -76, -75, -75, -76, -76, -76, -76, -76, -76, -76, -76, -76, -78, -76, -76, -76, -76, -76, -76, -76, -76, -76, -76, -76, -76, -76, -76, -76, -76, -76, -76, -76, -76, -76, -76, -76, -76, -76, -76, -76, -76, -76, -76, -76, -76, -76, -76, -76, -76, -76, -76, -76, -76, -76, -76, -76, -76, -76, -76, -76, -76, -76, -76, -76, -76, -76, -76, -76, -76, -76, -76, -76, -76, -76, -76, -76, -76, -76, -76, -76, 
ec:c8:82:7a:e1:64, 2412, eduroam, -80, -80, -80, -80, -80, -81, -81, -81, -81, -81, -82, -82, -82, -82, -82, 
50:f5:20:ba:8d:85, 2412, 光, -80, -80, -77, -77, -77, -81, -81, -81, -81, -81, -81, -81, 
34:bd:c8:db:54:04, 2437, eduroam, -82, -82, -82, -82, -82, -79, -79, -79, -79, -79, -81, -81, -81, -81, -81, -81, -81, -82, -82, -82, -82, -82, -81, -81, -81, -81, -81, -82, -82, -82, -82, -82, -80, -80, -80, -80, -80, -80, -81, -81, -81, -81, -81, -81, -81, -83, -83, -83, -83, -83, -83, -83, -83, 
34:bd:c8:db:54:00, 2437, sMobileNet, -83, -83, -83, -83, -83, -80, -80, -80, -80, -80, -81, -81, -81, -81, -81, -83, -83, -83, -83, -83, -83, -83, -83, -83, -83, -82, -81, -81, -81, -82, -82, -82, -82, -82, -82, -82, -82, -80, -80, -80, -80, -80, -80, -80, -79, -79, -79, -79, -79, -79, -79, -79, -79, -79, -79, -79, 
28:93:fe:f4:ad:0b, 5745, sMobileNet, -84, -84, -84, -84, -84, 
ec:c8:82:7a:e1:6e, 5805, PCCW, -82, -82, -82, -82, -82, -79, -79, -79, -79, -79, -79, 
34:bd:c8:ad:b2:b2, 2412, Universities WiFi, -81, -81, -81, -81, -81, -82, -82, -82, -82, -82, 
8a:16:33:35:a1:10, 2462, Zhang Qian's Guest Network, -93, -93, -93, -93, -93, 
ec:c8:82:7a:e1:65, 2412, Alumni, -80, -80, -80, -80, -81, -81, -81, -81, -81, -81, -81, -81, -81, -81, -81, -81, -81, -81, -81, -79, -79, -79, -79, -79, -79, 
28:93:fe:f4:af:0c, 5765, eduroam, -81, -83, -83, -82, -82, -82, -82, 
28:93:fe:f4:ad:0d, 5745, Universities WiFi, -82, -82, 
34:bd:c8:db:54:02, 2437, Universities WiFi, -78, -78, -78, -78, -78, -76, -80, -80, -80, -80, -80, -80, -80, -81, -81, -81, -81, -81, -82, -82, -82, -82, -82, -80, -79, -79, -79, -79, -79, -79, -79, -79, -79, -79, -79, -79, -79, -79, -79, -79, -79, -79, -78, -78, -78, -78, -78, -79, -79, -79, -79, -79, -79, -79, -81, -81, -78, -78, -78, -78, -78, -78, -78, -81, -81, 
00:27:19:e3:50:cc, 2412, TP-LINK_E350CC, -88, -88, -88, -88, -88, 
00:25:84:22:f7:31, 2462, Universities WiFi, -81, -81, -81, -81, -81, 
34:bd:c8:ad:b2:b4, 2412, eduroam, -78, -78, -78, -78, -78, -83, -83, -83, -83, -83, 
b6:75:d5:4c:dc:a2, 2437, , -87, -87, -87, -87, -87, 
74:d0:2b:3a:91:98, 2462, chitang, -92, -92, -92, -92, -92, 
ac:22:0b:93:87:4c, 2437, ASOK LINK, -92, -92, -92, -92, -92, 
00:25:84:22:f7:30, 2462, sMobileNet, -81, -81, -81, -81, -81, 
ec:c8:82:7a:e1:6f, 5805, sMobileNet, -79, -79, -79, -79, 
ec:c8:82:7a:e1:6d, 5805, Universities WiFi, -80, -80, -80, -80, 
f0:25:b7:11:cb:bf, 2462, AndroidAPCBBF, -88, -87, -87, -87, -87, -84, -84, -84, -84, -84, -84, -84, -85, -85, -85, -85, -82, -82, -82, -82, -82, -82, -82, 
